         0.          0.
       0.01    -0.55946
       0.02    -2.20431
       0.03    -4.90145
       0.04    -8.58329
       0.05    -13.1869
       0.06     -18.606
       0.07   -24.74313
       0.08   -31.47326
       0.09   -38.69125
        0.1   -46.26875
       0.11   -54.11629
       0.12    -62.1095
       0.13   -70.13175
       0.14   -78.03572
       0.15   -85.66657
       0.16   -92.86058
       0.17   -99.54896
       0.18  -105.67641
       0.19  -111.17777
        0.2   -115.9309
       0.21  -119.79987
       0.22   -122.6557
       0.23  -124.47453
       0.24  -125.28187
       0.25  -125.14715
       0.26  -123.95006
       0.27  -121.62755
       0.28  -118.18781
       0.29  -113.68924
        0.3  -108.18659
       0.31  -101.91313
       0.32   -95.00104
       0.33   -87.36215
       0.34   -78.84836
       0.35   -69.39618
       0.36    -59.0209
       0.37   -47.87769
       0.38    -36.2497
       0.39   -24.80167
        0.4   -13.71292
       0.41     -2.8559
       0.42     7.64561
       0.43    17.30447
       0.44    25.71094
       0.45    32.60107
       0.46    38.13701
       0.47    42.34479
       0.48    45.08524
       0.49    45.95171
        0.5    44.73616
       0.51     41.4974
       0.52    36.76924
       0.53    31.91293
       0.54    28.57632
       0.55    26.89046
       0.56     25.9212
       0.57    24.72727
       0.58    22.77604
       0.59    20.07259
        0.6    17.20565
       0.61    14.79284
       0.62    13.37276
       0.63    12.35164
       0.64    10.07436
       0.65     5.30651
       0.66    -2.10332
       0.67   -11.52462
       0.68   -22.66502
       0.69   -36.48431
        0.7   -54.63793
       0.71   -78.05111
       0.72  -105.80618
       0.73  -135.21664
       0.74   -162.3501
       0.75  -183.96662
       0.76  -198.13748
       0.77  -204.38022
       0.78  -204.69678
       0.79  -201.64769
        0.8  -195.92597
       0.81  -187.13727
       0.82  -175.69365
       0.83   -162.8988
       0.84  -148.00865
       0.85  -128.33166
       0.86  -101.96051
       0.87   -68.51823
       0.88   -30.21758
       0.89     8.31886
        0.9    41.62462
       0.91    65.76503
       0.92    80.45522
       0.93    88.84668
       0.94     95.3787
       0.95   102.76158
       0.96   110.94472
       0.97   117.39517
       0.98    119.8647
       0.99   118.83832
         1.   116.78715
       1.01   114.69982
       1.02   111.69103
       1.03   105.12639
       1.04    92.07723
       1.05    72.46723
       1.06    50.38049
       1.07    30.10597
       1.08    12.86652
       1.09    -2.03069
        1.1   -14.57777
       1.11   -23.49899
       1.12   -26.64885
       1.13   -22.02806
       1.14    -9.03118
       1.15    12.26805
       1.16    42.90426
       1.17    84.09113
       1.18   133.20514
       1.19   185.68988
        1.2   236.61901
       1.21   281.01656
       1.22   315.30573
       1.23   341.01473
       1.24   367.80766
       1.25   403.13464
       1.26   446.40468
       1.27   492.29691
       1.28   536.33504
       1.29   578.37161
        1.3    620.2345
       1.31   661.58446
       1.32   699.54817
       1.33   729.80177
       1.34   750.70073
       1.35   765.40832
       1.36   775.88744
       1.37   777.20359
       1.38   759.74235
       1.39   717.11638
        1.4    650.6776
       1.41   565.55209
       1.42   465.74876
       1.43   356.31744
       1.44   244.33497
       1.45   138.17725
       1.46    47.05585
       1.47   -23.30743
       1.48   -72.33215
       1.49  -101.44239
        1.5  -112.40908
       1.51  -109.51308
       1.52   -98.76721
       1.53   -83.66683
       1.54   -63.55453
       1.55   -36.61988
       1.56     -1.9393
       1.57    39.78184
       1.58    88.62778
       1.59    144.8577
        1.6   204.66596
       1.61     262.592
       1.62   313.27117
       1.63   349.80263
       1.64   365.87523
       1.65   359.39331
       1.66   332.53195
       1.67   290.14227
       1.68   238.79979
       1.69   186.76184
        1.7   143.51054
       1.71   118.78293
       1.72   119.85556
       1.73   151.76434
       1.74   215.36154
       1.75   306.31782
       1.76   417.75681
       1.77   541.37291
       1.78    669.8946
       1.79   802.42057
        1.8   942.81835
       1.81  1091.18726
       1.82  1236.88313
       1.83  1360.52587
       1.84  1446.90764
       1.85  1488.98113
       1.86  1485.05946
       1.87   1436.3262
       1.88  1349.25929
       1.89  1236.95979
        1.9  1114.61035
       1.91   992.95768
       1.92   874.48993
       1.93   759.33268
       1.94   653.43643
       1.95   567.00241
       1.96   508.38491
       1.97   478.20721
       1.98    467.1001
       1.99   456.57396
         2.   421.96199
       2.01   347.80726
       2.02   231.95877
       2.03     76.7227
       2.04  -120.28566
       2.05  -363.03193
       2.06  -645.05969
       2.07  -942.92601
       2.08  -1225.5555
       2.09  -1469.4102
        2.1  -1659.5272
       2.11  -1788.7603
       2.12  -1859.8995
       2.13  -1878.2024
       2.14  -1842.4509
       2.15   -1749.304
       2.16  -1605.3302
       2.17   -1429.212
       2.18  -1239.7328
       2.19  -1048.9895
        2.2  -866.07659
       2.21  -697.42977
       2.22  -540.45256
       2.23  -384.82895
       2.24  -224.06873
       2.25   -58.82119
       2.26   110.30184
       2.27   287.35362
       2.28   477.80255
       2.29   684.21696
        2.3   905.03917
       2.31  1130.93175
       2.32  1345.26896
       2.33   1527.3894
       2.34  1661.44189
       2.35  1737.20968
       2.36  1744.96344
       2.37  1677.81803
       2.38  1537.71932
       2.39  1332.59929
        2.4   1073.0113
       2.41   774.58146
       2.42   457.36662
       2.43   136.96199
       2.44  -186.37981
       2.45  -524.41523
       2.46  -884.79361
       2.47  -1267.4048
       2.48  -1666.1996
       2.49  -2069.8284
        2.5  -2461.3792
       2.51  -2819.0541
       2.52  -3124.2401
       2.53   -3368.844
       2.54   -3556.096
       2.55   -3695.556
       2.56   -3793.907
       2.57   -3852.428
       2.58   -3870.395
       2.59   -3848.385
        2.6   -3789.306
       2.61   -3695.589
       2.62   -3566.457
       2.63   -3395.151
       2.64   -3171.986
       2.65  -2892.0566
       2.66   -2553.433
       2.67  -2161.1608
       2.68  -1736.2141
       2.69  -1315.3287
        2.7  -930.89441
       2.71  -597.39709
       2.72   -321.2676
       2.73  -112.90309
       2.74    10.37107
       2.75    29.19675
       2.76   -68.98759
       2.77  -287.86928
       2.78  -626.13825
       2.79  -1079.3824
        2.8  -1636.2053
       2.81  -2277.1532
       2.82  -2979.8444
       2.83   -3725.725
       2.84     -4501.5
       2.85   -5295.382
       2.86   -6094.675
       2.87     -6885.7
       2.88    -7655.11
       2.89   -8389.368
        2.9   -9074.244
       2.91   -9695.905
       2.92  -10242.544
       2.93  -10704.088
       2.94  -11071.159
       2.95  -11328.718
       2.96  -11449.353
       2.97  -11392.491
       2.98  -11119.524
       2.99  -10614.491
         3.   -9883.188
       3.01   -8946.207
       3.02   -7835.715
       3.03   -6588.407
       3.04   -5236.813
       3.05   -3807.778
       3.06  -2323.9602
       3.07  -805.17627
       3.08   732.24087
       3.09  2275.37852
        3.1  3810.81821
       3.11   5321.9478
       3.12  6785.97242
       3.13   8163.5651
       3.14   9384.3296
       3.15  10368.1107
       3.16  11059.0272
       3.17  11432.4559
       3.18  11484.3431
       3.19  11218.7622
        3.2  10645.6374
       3.21  9779.76477
       3.22  8639.10095
       3.23  7243.04686
       3.24  5614.52729
       3.25  3780.81823
       3.26  1776.04971
       3.27  -356.91881
       3.28  -2558.9901
       3.29   -4759.895
        3.3   -6897.234
       3.31   -8923.931
       3.32  -10804.084
       3.33  -12509.895
       3.34  -14019.926
       3.35   -15317.58
       3.36  -16387.889
       3.37  -17217.979
       3.38  -17796.971
       3.39  -18111.433
        3.4   -18140.72
       3.41  -17855.979
       3.42  -17225.794
       3.43  -16221.787
       3.44  -14817.716
       3.45   -12998.45
       3.46  -10774.575
       3.47   -8196.255
       3.48   -5369.738
       3.49  -2443.7964
        3.5   472.42971
       3.51  3317.87802
       3.52  6049.85489
       3.53  8643.92794
       3.54  11106.2499
       3.55   13471.519
       3.56  15758.8507
       3.57  17956.6841
       3.58  20038.0607
       3.59  21972.7266
        3.6   23732.087
       3.61  25290.3581
       3.62  26625.5754
       3.63  27721.0474
       3.64   28569.647
       3.65  29176.4301
       3.66  29552.5038
       3.67  29711.1126
       3.68   29661.193
       3.69  29411.2309
        3.7  28969.8829
       3.71  28337.6907
       3.72  27490.3836
       3.73  26361.3966
       3.74  24888.6889
       3.75  23064.7086
       3.76  20922.0989
       3.77  18520.8458
       3.78  15944.6417
       3.79  13277.1374
        3.8  10582.0045
       3.81  7904.70573
       3.82  5276.04243
       3.83  2710.26379
       3.84   209.64827
       3.85  -2227.7247
       3.86     -4609.8
       3.87   -6951.962
       3.88   -9266.366
       3.89  -11546.032
        3.9  -13760.817
       3.91  -15858.356
       3.92  -17762.561
       3.93  -19371.282
       3.94  -20571.365
       3.95  -21271.963
       3.96  -21428.878
       3.97   -21032.33
       3.98  -20094.559
       3.99  -18646.801
         4.  -16737.892
       4.01  -14433.819
       4.02  -11801.389
       4.03   -8907.782
       4.04    -5832.93
       4.05  -2670.8308
       4.06   488.41638
       4.07   3577.6127
       4.08  6559.19066
       4.09  9424.75655
        4.1  12182.4767
       4.11  14844.0912
       4.12  17422.0485
       4.13  19916.1295
       4.14  22305.9638
       4.15  24556.6379
       4.16  26624.8962
       4.17  28458.1215
       4.18  29993.6564
       4.19  31159.9173
        4.2   31888.031
       4.21   32123.097
       4.22   31830.387
       4.23  30994.8065
       4.24  29619.8106
       4.25  27724.3221
       4.26  25340.7121
       4.27   22518.982
       4.28  19327.9741
       4.29  15843.0153
        4.3  12129.7083
       4.31  8246.05942
       4.32   4244.6752
       4.33   170.66933
       4.34   -3941.313
       4.35   -8051.784
       4.36  -12114.295
       4.37  -16078.599
       4.38   -19888.75
       4.39  -23488.498
        4.4  -26823.882
       4.41  -29846.601
       4.42   -32521.25
       4.43   -34836.04
       4.44    -36796.4
       4.45   -38403.96
       4.46   -39648.27
       4.47    -40513.4
       4.48   -40984.08
       4.49   -41049.25
        4.5   -40704.13
       4.51   -39952.32
       4.52   -38806.36
       4.53   -37287.17
       4.54   -35423.36
       4.55   -33248.55
       4.56  -30798.608
       4.57  -28112.489
       4.58  -25228.534
       4.59  -22173.614
        4.6  -18951.134
       4.61  -15547.644
       4.62  -11967.496
       4.63   -8246.285
       4.64   -4434.454
       4.65  -586.33889
       4.66  3243.44553
       4.67  7003.22687
       4.68  10645.2094
       4.69  14122.1639
        4.7   17387.942
       4.71   20395.327
       4.72  23091.4748
       4.73  25416.3355
       4.74  27308.3363
       4.75  28715.5692
       4.76  29606.7519
       4.77  29974.6568
       4.78  29835.6582
       4.79  29235.6694
        4.8   28237.026
       4.81  26908.5851
       4.82  25321.1548
       4.83  23538.6728
       4.84  21605.2292
       4.85  19546.0439
       4.86  17377.3495
       4.87  15114.4736
       4.88  12776.4685
       4.89  10386.8434
        4.9  7975.73578
       4.91  5579.80095
       4.92  3237.60476
       4.93   980.46641
       4.94  -1176.3227
       4.95   -3249.005
       4.96   -5270.161
       4.97   -7268.989
       4.98   -9252.242
       4.99  -11199.597
         5.  -13082.589
       5.01  -14867.572
       5.02  -16515.353
       5.03  -17990.733
       5.04  -19269.539
       5.05  -20334.978
       5.06  -21171.968
       5.07  -21761.791
       5.08  -22089.922
       5.09  -22156.945
        5.1  -21978.961
       5.11  -21578.735
       5.12  -20978.432
       5.13  -20199.801
       5.14  -19267.471
       5.15  -18206.946
       5.16  -17040.335
       5.17  -15787.993
       5.18  -14468.322
       5.19  -13097.597
        5.2  -11685.354
       5.21  -10233.422
       5.22   -8738.602
       5.23   -7196.908
       5.24   -5606.737
       5.25   -3974.043
       5.26  -2315.0584
       5.27  -654.88235
       5.28   978.24897
       5.29  2559.91737
        5.3  4077.61223
       5.31   5525.6591
       5.32  6894.83304
       5.33  8170.50619
       5.34  9339.46795
       5.35  10394.0448
       5.36  11328.9917
       5.37  12139.7097
       5.38  12829.5212
       5.39   13414.002
        5.4  13919.6049
       5.41  14376.6326
       5.42  14814.7813
       5.43  15254.8404
       5.44  15702.1739
       5.45   16144.242
       5.46  16547.0782
       5.47  16853.6023
       5.48  17008.0945
       5.49  16971.0127
        5.5   16715.761
       5.51  16231.2265
       5.52  15519.7734
       5.53  14588.6289
       5.54  13441.4766
       5.55  12083.7486
       5.56   10538.226
       5.57  8857.53892
       5.58  7112.25101
       5.59  5349.62287
        5.6  3593.32345
       5.61  1859.46889
       5.62   158.96827
       5.63  -1500.6414
       5.64  -3114.8371
       5.65   -4675.064
       5.66   -6159.582
       5.67   -7533.586
       5.68    -8761.68
       5.69   -9821.465
        5.7  -10705.549
       5.71  -11421.401
       5.72  -11986.783
       5.73  -12418.422
       5.74  -12723.283
       5.75  -12895.175
       5.76  -12904.583
       5.77  -12711.718
       5.78  -12283.363
       5.79  -11606.058
        5.8  -10694.347
       5.81   -9577.026
       5.82   -8277.699
       5.83   -6806.839
       5.84   -5165.575
       5.85    -3355.69
       5.86  -1386.7523
       5.87   721.09553
       5.88  2933.80116
       5.89  5207.62927
        5.9  7493.50451
       5.91  9746.67326
       5.92  11931.9518
       5.93  14020.4519
       5.94  15983.1688
       5.95  17787.6631
       5.96  19388.6614
       5.97  20733.5208
       5.98  21772.8021
       5.99  22462.5134
         6.  22766.4619
       6.01  22663.5345
       6.02  22153.6655
       6.03  21255.2042
       6.04  19993.3522
       6.05   18395.949
       6.06  16498.2483
       6.07  14348.7572
       6.08  11997.4603
       6.09  9482.77565
        6.1  6833.75891
       6.11  4084.12232
       6.12  1284.42897
       6.13  -1498.9917
       6.14   -4204.854
       6.15   -6794.932
       6.16   -9257.033
       6.17  -11598.735
       6.18  -13831.301
       6.19  -15963.997
        6.2  -17997.557
       6.21  -19924.193
       6.22  -21729.468
       6.23  -23394.197
       6.24  -24900.964
       6.25  -26235.348
       6.26  -27383.333
       6.27   -28327.03
       6.28  -29035.668
       6.29  -29457.563
        6.3  -29542.077
       6.31   -29269.26
       6.32  -28642.645
       6.33  -27674.112
       6.34  -26375.538
       6.35  -24746.489
       6.36  -22776.715
       6.37  -20480.139
       6.38  -17893.002
       6.39   -15056.77
        6.4  -12013.845
       6.41   -8806.077
       6.42   -5474.503
       6.43  -2056.0934
       6.44  1418.34485
       6.45  4920.61673
       6.46  8417.99066
       6.47   11878.297
       6.48  15260.8225
       6.49  18499.5398
        6.5   21508.736
       6.51  24218.4039
       6.52  26590.7376
       6.53  28612.4835
       6.54  30287.2499
       6.55   31628.457
       6.56   32647.594
       6.57    33357.57
       6.58   33778.308
       6.59   33923.107
        6.6   33791.565
       6.61   33373.817
       6.62   32665.935
       6.63   31677.854
       6.64   30427.652
       6.65  28933.8961
       6.66  27208.9966
       6.67  25250.1676
       6.68  23042.2877
       6.69  20570.9487
        6.7  17826.5048
       6.71  14810.0933
       6.72  11547.1168
       6.73  8085.38778
       6.74  4487.17713
       6.75   819.72232
       6.76  -2849.2988
       6.77   -6444.836
       6.78   -9879.854
       6.79  -13070.511
        6.8  -15952.016
       6.81  -18472.901
       6.82   -20594.05
       6.83  -22297.066
       6.84  -23593.066
       6.85  -24517.606
       6.86  -25112.209
       6.87  -25421.722
       6.88  -25489.332
       6.89   -25348.74
        6.9  -25025.149
       6.91   -24540.96
       6.92  -23915.199
       6.93  -23160.619
       6.94  -22284.597
       6.95  -21294.451
       6.96  -20197.062
       6.97  -18990.598
       6.98  -17654.604
       6.99  -16169.172
         7.  -14540.592
       7.01   -12795.79
       7.02  -10975.864
       7.03   -9136.943
       7.04   -7336.322
       7.05   -5616.987
       7.06   -4004.438
       7.07  -2509.6392
       7.08  -1121.5819
       7.09   188.92186
        7.1  1453.32551
       7.11  2689.96729
       7.12  3896.00853
       7.13  5054.38567
       7.14  6144.77524
       7.15  7151.03802
       7.16   8065.2695
       7.17   8887.7508
       7.18  9632.42353
       7.19  10326.6021
        7.2  11001.4436
       7.21  11680.4696
       7.22  12375.5165
       7.23  13084.5233
       7.24    13772.31
       7.25  14345.5601
       7.26  14692.6688
       7.27  14716.6582
       7.28  14372.1669
       7.29  13671.1939
        7.3  12656.5973
       7.31  11371.1392
       7.32  9835.98873
       7.33  8056.32328
       7.34   6034.2093
       7.35  3780.65289
       7.36  1318.03076
       7.37   -1320.355
       7.38   -4093.097
       7.39   -6952.724
        7.4   -9853.072
       7.41  -12754.266
       7.42  -15622.921
       7.43  -18424.548
       7.44  -21121.818
       7.45  -23661.189
       7.46  -25977.293
       7.47  -28010.628
       7.48  -29707.431
       7.49  -31023.235
        7.5   -31932.91
       7.51   -32423.28
       7.52   -32480.38
       7.53   -32089.86
       7.54  -31248.786
       7.55  -29970.493
       7.56  -28281.545
       7.57  -26218.548
       7.58  -23824.953
       7.59  -21147.167
        7.6  -18230.623
       7.61  -15117.155
       7.62  -11842.376
       7.63   -8433.123
       7.64   -4917.288
       7.65  -1333.7958
       7.66  2273.46171
       7.67  5863.27677
       7.68  9402.71175
       7.69  12868.5141
        7.7  16244.0297
       7.71  19519.0844
       7.72  22686.0363
       7.73  25736.8145
       7.74  28655.1199
       7.75  31409.6006
       7.76   33955.559
       7.77   36225.299
       7.78   38137.508
       7.79   39615.376
        7.8   40589.134
       7.81   40997.422
       7.82   40793.086
       7.83   39954.279
       7.84   38487.493
       7.85   36423.637
       7.86   33813.875
       7.87  30732.1264
       7.88  27269.0051
       7.89  23513.3294
        7.9  19544.9366
       7.91  15435.9771
       7.92  11245.3143
       7.93  7019.19463
       7.94   2802.8048
       7.95  -1348.2882
       7.96   -5366.445
       7.97   -9176.103
       7.98  -12704.689
       7.99  -15892.415
         8.  -18696.929
       8.01  -21099.665
       8.02  -23110.335
       8.03  -24751.196
       8.04   -26046.55
       8.05  -27013.786
       8.06  -27656.101
       8.07  -27962.906
       8.08  -27915.251
       8.09  -27497.792
        8.1  -26706.076
       8.11  -25545.158
       8.12  -24027.813
       8.13  -22168.844
       8.14  -19981.572
       8.15  -17478.207
       8.16  -14674.155
       8.17   -11601.41
       8.18   -8320.043
       8.19   -4911.554
        8.2  -1449.9397
       8.21  2009.66593
       8.22  5421.92046
       8.23   8747.7852
       8.24  11950.9646
       8.25  14999.2278
       8.26  17860.0023
       8.27  20496.1271
       8.28  22868.6985
       8.29  24944.0751
        8.3  26699.0309
       8.31  28122.1761
       8.32  29209.0148
       8.33  29958.5171
       8.34  30374.9799
       8.35  30470.9564
       8.36  30268.8747
       8.37  29805.5586
       8.38  29125.3916
       8.39  28274.9509
        8.4  27297.9316
       8.41  26229.6505
       8.42  25094.4834
       8.43    23907.18
       8.44  22672.4473
       8.45  21387.3177
       8.46  20050.1996
       8.47  18670.2991
       8.48  17267.8775
       8.49   15869.576
        8.5  14497.9113
       8.51  13159.9986
       8.52  11841.3743
       8.53  10517.1438
       8.54  9142.47333
       8.55  7642.13197
       8.56  5940.74871
       8.57  3989.23648
       8.58  1769.03438
       8.59  -707.48329
        8.6   -3413.012
       8.61   -6319.294
       8.62   -9400.599
       8.63  -12628.302
       8.64   -15974.35
       8.65  -19412.521
       8.66  -22909.864
       8.67  -26423.178
       8.68  -29904.222
       8.69   -33294.83
        8.7   -36528.58
       8.71   -39544.12
       8.72   -42285.24
       8.73   -44693.08
       8.74   -46704.89
       8.75   -48264.36
       8.76   -49322.89
       8.77   -49839.06
       8.78   -49778.29
       8.79   -49115.87
        8.8   -47838.83
       8.81    -45947.9
       8.82   -43456.56
       8.83   -40393.87
       8.84   -36806.32
       8.85   -32753.82
       8.86  -28303.543
       8.87   -23523.29
       8.88  -18483.422
       8.89  -13257.017
        8.9   -7917.698
       8.91  -2537.5346
       8.92   2813.1643
       8.93   8064.8982
       8.94   13152.852
       8.95  18020.3202
       8.96  22614.9142
       8.97  26879.2696
       8.98  30750.7209
       8.99   34166.098
         9.   37069.366
       9.01   39416.562
       9.02   41178.031
       9.03   42340.123
       9.04   42903.334
       9.05   42878.986
       9.06   42289.211
       9.07   41168.193
       9.08   39562.055
       9.09   37524.796
        9.1   35115.367
       9.11   32390.318
       9.12  29394.9798
       9.13  26158.1763
       9.14  22688.6089
       9.15  18987.7869
       9.16  15077.3607
       9.17  11004.8687
       9.18   6827.8556
       9.19  2610.79695
        9.2  -1570.4308
       9.21   -5635.675
       9.22   -9520.927
       9.23  -13197.648
       9.24  -16660.316
       9.25  -19907.162
       9.26  -22929.605
       9.27  -25701.672
       9.28  -28185.959
       9.29  -30344.432
        9.3   -32147.72
       9.31   -33581.07
       9.32    -34648.7
       9.33   -35362.96
       9.34   -35731.03
       9.35   -35755.33
       9.36   -35436.66
       9.37   -34774.72
       9.38   -33768.09
       9.39   -32413.79
        9.4  -30709.964
       9.41  -28664.408
       9.42  -26301.894
       9.43  -23665.191
       9.44   -20812.25
       9.45  -17805.459
       9.46  -14697.843
       9.47  -11531.203
       9.48    -8332.88
       9.49   -5116.569
        9.5  -1891.2257
       9.51  1334.24823
       9.52  4552.20201
       9.53  7755.12651
       9.54  10934.3572
       9.55  14080.1451
       9.56  17177.1921
       9.57  20199.7849
       9.58  23115.6342
       9.59  25890.3706
        9.6  28488.6267
       9.61  30875.9845
       9.62   33019.692
       9.63   34885.179
       9.64   36434.452
       9.65   37629.147
       9.66   38433.617
       9.67   38817.747
       9.68   38762.206
       9.69   38257.629
        9.7   37298.378
       9.71   35881.572
       9.72   34015.372
       9.73   31727.126
       9.74  29063.9523
       9.75  26085.5374
       9.76  22846.4655
       9.77   19386.888
       9.78  15731.3542
       9.79  11898.9065
        9.8  7910.27672
       9.81  3787.38812
       9.82  -441.97384
       9.83   -4741.271
       9.84   -9069.173
       9.85  -13378.063
       9.86  -17613.662
       9.87  -21718.187
       9.88  -25632.478
       9.89  -29303.587
        9.9   -32688.74
       9.91   -35751.34
       9.92   -38458.02
       9.93   -40781.81
       9.94   -42701.11
       9.95   -44193.52
       9.96    -45214.9
       9.97   -45711.82
       9.98   -45645.73
       9.99    -44990.5
        10.   -43733.68
      10.01   -41880.89
      10.02   -39452.61
      10.03   -36481.52
      10.04   -33007.28
      10.05  -29068.813
      10.06  -24696.297
      10.07  -19916.603
      10.08    -14764.7
      10.09   -9292.887
       10.1   -3574.138
      10.11  2299.22257
      10.12  8219.80532
      10.13  14080.2318
      10.14  19785.6618
      10.15  25254.7713
      10.16  30415.6567
      10.17   35202.733
      10.18   39547.857
      10.19    43374.28
       10.2   46592.409
      10.21   49115.833
      10.22   50868.176
      10.23   51784.386
      10.24   51815.387
      10.25   50940.334
      10.26    49165.54
      10.27   46522.097
      10.28   43066.044
      10.29   38874.766
       10.3   34042.602
      10.31  28670.9579
      10.32   22859.243
      10.33  16705.2105
      10.34  10306.7929
      10.35   3767.0396
      10.36  -2799.3658
      10.37   -9264.804
      10.38  -15498.538
      10.39  -21371.115
       10.4  -26760.739
      10.41  -31564.533
      10.42    -35701.7
      10.43   -39112.52
      10.44   -41757.14
      10.45   -43611.99
      10.46   -44665.75
      10.47   -44916.55
      10.48   -44371.82
      10.49   -43050.15
       10.5   -40984.07
      10.51   -38221.67
      10.52   -34825.56
      10.53  -30865.126
      10.54  -26410.793
      10.55  -21535.768
      10.56  -16319.916
      10.57  -10849.387
      10.58   -5214.832
      10.59   485.69089
       10.6  6143.04929
      10.61  11638.5735
      10.62  16862.6131
      10.63  21724.1804
      10.64  26147.6149
      10.65  30073.7064
      10.66   33462.153
      10.67   36293.938
      10.68   38567.441
      10.69   40285.072
       10.7   41443.183
      10.71   42030.861
      10.72   42029.135
      10.73   41415.273
      10.74   40179.242
      10.75   38332.565
      10.76   35906.362
      10.77   32951.622
      10.78  29541.0579
      10.79  25757.5027
       10.8  21678.0543
      10.81  17369.6888
      10.82  12890.9549
      10.83  8293.87443
      10.84  3631.51901
      10.85  -1035.5154
      10.86   -5641.685
      10.87  -10120.785
      10.88    -14408.9
      10.89  -18448.291
       10.9  -22191.758
      10.91  -25601.227
      10.92  -28647.451
      10.93   -31311.78
      10.94   -33585.83
      10.95   -35467.04
      10.96   -36954.62
      10.97   -38043.85
      10.98   -38726.24
      10.99   -38991.15
        11.   -38827.96
      11.01   -38227.86
      11.02   -37188.59
      11.03    -35714.7
      11.04   -33817.47
      11.05  -31515.849
      11.06  -28836.516
      11.07  -25813.003
      11.08  -22481.382
      11.09  -18881.704
       11.1  -15063.066
      11.11  -11081.405
      11.12    -6994.07
      11.13  -2856.9926
      11.14  1276.75339
      11.15  5354.40786
      11.16  9320.06808
      11.17   13112.017
      11.18  16662.2143
      11.19  19900.0831
       11.2   22757.871
      11.21  25176.6247
      11.22  27112.3109
      11.23  28537.7584
      11.24  29440.4904
      11.25   29820.926
      11.26  29688.4925
      11.27  29057.1288
      11.28  27944.4151
      11.29   26375.237
       11.3  24385.3387
      11.31  22020.6814
      11.32  19332.4063
      11.33   16374.285
      11.34  13204.3227
      11.35  9881.24227
      11.36  6460.07232
      11.37  2990.39346
      11.38  -484.60265
      11.39   -3928.758
       11.4     -7304.7
      11.41  -10567.933
      11.42  -13668.171
      11.43  -16548.487
      11.44   -19145.84
      11.45  -21397.437
      11.46  -23241.917
      11.47  -24621.554
      11.48  -25488.973
      11.49  -25809.936
       11.5  -25565.062
      11.51  -24746.671
      11.52  -23360.926
      11.53  -21426.515
      11.54  -18972.807
      11.55  -16038.095
      11.56  -12672.219
      11.57   -8942.917
      11.58   -4947.314
      11.59  -804.31394
       11.6  3364.11343
      11.61   7439.6875
      11.62   11314.406
      11.63   14895.315
      11.64  18105.9542
      11.65  20885.7623
      11.66  23189.1048
      11.67  24983.0867
      11.68  26244.4614
      11.69  26960.1443
       11.7  27128.8117
      11.71  26763.4622
      11.72   25897.805
      11.73  24586.5582
      11.74  22897.8889
      11.75   20906.254
      11.76  18690.1657
      11.77  16326.8857
      11.78  13882.9567
      11.79  11411.7293
       11.8  8957.36513
      11.81   6555.4526
      11.82  4231.85906
      11.83  2003.10158
      11.84  -117.61452
      11.85  -2116.8331
      11.86   -3982.843
      11.87   -5707.791
      11.88   -7286.467
      11.89   -8713.305
       11.9   -9981.101
      11.91  -11080.489
      11.92  -12000.633
      11.93  -12732.074
      11.94  -13265.724
      11.95  -13591.042
      11.96   -13697.16
      11.97   -13575.84
      11.98  -13223.402
      11.99  -12640.986
        12.  -11834.439
      12.01  -10814.103
      12.02   -9593.069
      12.03   -8185.161
      12.04   -6602.725
      12.05   -4858.049
      12.06  -2966.6423
      12.07  -950.73877
      12.08  1159.34186
      12.09  3324.13444
       12.1  5496.03078
      12.11   7625.5499
      12.12   9664.6512
      12.13  11568.2682
      12.14  13296.4407
      12.15  14818.2562
      12.16  16112.5198
      12.17   17165.176
      12.18  17967.8238
      12.19  18514.6376
       12.2  18799.6421
      12.21  18815.0762
      12.22  18552.4071
      12.23   18004.644
      12.24  17170.1351
      12.25  16056.4502
      12.26  14682.2844
      12.27  13074.6504
      12.28  11265.6205
      12.29  9291.34899
       12.3  7190.49384
      12.31  5004.17309
      12.32   2774.1762
      12.33   540.98488
      12.34  -1657.7302
      12.35   -3789.395
      12.36    -5827.65
      12.37   -7752.161
      12.38   -9544.512
      12.39  -11185.834
       12.4  -12658.242
      12.41  -13945.532
      12.42  -15034.137
      12.43  -15913.357
      12.44  -16575.028
      12.45  -17012.661
      12.46  -17222.464
      12.47  -17204.114
      12.48  -16960.546
      12.49  -16499.247
       12.5  -15833.637
      12.51  -14982.718
      12.52  -13967.332
      12.53  -12808.168
      12.54  -11524.377
      12.55  -10135.646
      12.56   -8663.721
      12.57   -7133.247
      12.58     -5570.4
      12.59   -4002.959
       12.6  -2459.1509
      12.61   -966.5603
      12.62   447.79317
      12.63  1757.20073
      12.64  2937.51226
      12.65  3968.70645
      12.66  4833.10157
      12.67  5513.87834
      12.68  5994.31845
      12.69  6261.52303
       12.7  6309.73934
      12.71  6139.67319
      12.72  5757.15936
      12.73  5172.71057
      12.74   4402.7674
      12.75  3470.90815
      12.76  2411.05002
      12.77  1264.96696
      12.78     73.3818
      12.79  -1128.1459
       12.8  -2305.8099
      12.81   -3423.207
      12.82   -4441.046
      12.83    -5319.65
      12.84   -6022.745
      12.85   -6516.552
      12.86   -6771.384
      12.87   -6769.173
      12.88   -6503.568
      12.89   -5978.109
       12.9   -5207.457
      12.91    -4217.39
      12.92  -3040.8135
      12.93  -1713.5321
      12.94   -271.0874
      12.95  1252.10366
      12.96  2820.93773
      12.97  4398.92323
      12.98  5949.11739
      12.99  7435.27193
        13.  8822.90944
      13.01    10080.18
      13.02  11180.3554
      13.03  12103.9004
      13.04  12838.3146
      13.05  13376.2012
      13.06  13710.2866
      13.07  13832.3441
      13.08  13735.1585
      13.09  13415.7275
       13.1  12877.7639
      13.11  12134.3193
      13.12  11206.0404
      13.13  10119.4532
      13.14  8904.00135
      13.15  7587.21312
      13.16  6191.30653
      13.17  4731.43934
      13.18  3214.62036
      13.19  1645.41104
       13.2    33.02914
      13.21  -1607.1374
      13.22   -3254.792
      13.23   -4883.766
      13.24   -6462.619
      13.25   -7953.145
      13.26   -9311.067
      13.27  -10494.139
      13.28  -11466.511
      13.29  -12201.985
       13.3  -12685.036
      13.31  -12909.152
      13.32    -12877.3
      13.33  -12601.915
      13.34  -12104.479
      13.35  -11413.774
      13.36  -10565.607
      13.37   -9598.282
      13.38   -8548.986
      13.39   -7449.039
       13.4   -6320.153
      13.41   -5178.468
      13.42   -4036.584
      13.43  -2903.8192
      13.44  -1789.5337
      13.45  -704.29408
      13.46   340.74973
      13.47  1336.37782
      13.48  2281.00551
      13.49  3184.11407
       13.5  4060.84246
      13.51  4923.82439
      13.52  5781.51886
      13.53  6637.94963
      13.54   7491.5509
      13.55  8334.37528
      13.56  9152.51995
      13.57  9926.23989
      13.58  10632.9563
      13.59  11250.2658
       13.6  11758.6704
      13.61  12138.4457
      13.62  12368.0779
      13.63  12426.4084
      13.64  12296.6869
      13.65  11971.6294
      13.66  11452.8809
      13.67  10746.7517
      13.68    9860.341
      13.69  8800.24853
       13.7  7574.05802
      13.71  6192.15216
      13.72  4667.78621
      13.73  3017.48025
      13.74   1261.2134
      13.75  -577.16401
      13.76  -2469.9549
      13.77   -4385.675
      13.78   -6291.319
      13.79   -8152.464
       13.8   -9938.565
      13.81  -11626.295
      13.82  -13198.105
      13.83  -14639.862
      13.84  -15937.108
      13.85  -17072.218
      13.86  -18025.982
      13.87  -18779.762
      13.88   -19316.47
      13.89  -19623.683
       13.9  -19693.966
      13.91  -19523.909
      13.92  -19115.116
      13.93  -18474.102
      13.94  -17611.964
      13.95   -16543.19
      13.96  -15285.107
      13.97  -13857.412
      13.98  -12280.653
      13.99  -10575.496
        14.   -8764.523
      14.01   -6871.356
      14.02   -4920.961
      14.03  -2937.6933
      14.04   -945.6761
      14.05  1031.64176
      14.06  2972.48548
      14.07  4856.41896
      14.08  6663.95837
      14.09    8374.763
       14.1  9967.61596
      14.11  11422.7032
      14.12  12723.2544
      14.13  13855.4884
      14.14  14809.4113
      14.15  15578.3012
      14.16  16158.3767
      14.17  16549.8055
      14.18  16756.3377
      14.19   16783.755
       14.2  16639.4838
      14.21  16331.7942
      14.22  15866.5609
      14.23  15246.7209
      14.24  14471.6181
      14.25   13535.453
      14.26   12434.095
      14.27  11170.6749
      14.28  9754.83958
      14.29  8200.63151
       14.3  6525.78058
      14.31  4749.42036
      14.32  2888.95612
      14.33   961.78353
      14.34  -1009.7498
      14.35  -2998.3647
      14.36   -4972.935
      14.37   -6900.452
      14.38   -8748.375
      14.39  -10485.467
       14.4  -12082.123
      14.41  -13510.399
      14.42  -14745.143
      14.43  -15764.699
      14.44   -16551.92
      14.45  -17095.221
      14.46  -17389.683
      14.47  -17436.956
      14.48  -17245.005
      14.49  -16826.881
       14.5  -16199.524
      14.51  -15382.113
      14.52  -14395.947
      14.53  -13264.586
      14.54  -12013.405
      14.55  -10670.778
      14.56   -9267.148
      14.57   -7831.262
      14.58   -6386.572
      14.59   -4949.085
       14.6   -3524.449
      14.61  -2108.7707
      14.62  -697.64545
      14.63   703.98061
      14.64  2081.89678
      14.65  3417.99453
      14.66  4693.70657
      14.67  5893.55284
      14.68  7006.68557
      14.69  8026.35423
       14.7  8949.15049
      14.71  9774.30103
      14.72  10500.5979
      14.73  11124.6014
      14.74  11641.6412
      14.75  12047.1141
      14.76   12338.035
      14.77  12510.7166
      14.78  12557.5313
      14.79  12467.0356
       14.8  12229.6411
      14.81  11841.7954
      14.82  11306.7964
      14.83  10634.9078
      14.84  9841.29216
      14.85  8943.04612
      14.86  7956.69048
      14.87   6897.5533
      14.88  5781.00588
      14.89  4621.52694
       14.9  3432.30791
      14.91  2223.67345
      14.92  1004.38013
      14.93  -217.37561
      14.94   -1434.019
      14.95   -2637.284
      14.96   -3814.957
      14.97   -4950.545
      14.98   -6023.765
      14.99   -7010.889
        15.   -7886.575
      15.01   -8629.293
      15.02   -9224.892
      15.03   -9662.947
      15.04   -9936.581
      15.05  -10041.839
      15.06    -9976.14
      15.07   -9739.151
      15.08   -9335.053
      15.09   -8771.267
       15.1   -8055.674
      15.11   -7196.188
      15.12   -6202.219
      15.13   -5084.975
      15.14   -3857.294
      15.15  -2534.2926
      15.16  -1135.6744
      15.17   314.30496
      15.18  1788.74323
      15.19  3262.39622
       15.2  4713.23332
      15.21  6120.25119
      15.22  7463.87735
      15.23  8726.30949
      15.24  9890.18583
      15.25  10937.7432
      15.26  11849.5273
      15.27  12603.7352
      15.28  13179.2733
      15.29  13555.2105
       15.3  13714.0548
      15.31  13647.6919
      15.32   13356.448
      15.33  12846.5548
      15.34  12129.8438
      15.35  11225.0838
      15.36  10156.6468
      15.37  8952.45839
      15.38  7639.62271
      15.39  6241.64607
       15.4  4778.34635
      15.41  3267.69539
      15.42  1726.17791
      15.43   171.48704
      15.44  -1373.3115
      15.45  -2879.0471
      15.46   -4311.201
      15.47   -5633.099
      15.48   -6813.029
      15.49   -7828.602
       15.5   -8665.707
      15.51   -9316.561
      15.52   -9778.615
      15.53  -10052.413
      15.54  -10138.432
      15.55  -10037.022
      15.56   -9748.732
      15.57   -9277.425
      15.58   -8631.049
      15.59   -7820.947
       15.6     -6863.5
      15.61   -5780.854
      15.62   -4601.001
      15.63    -3357.27
      15.64  -2086.8136
      15.65  -825.22698
      15.66   398.14335
      15.67  1559.87079
      15.68  2642.58154
      15.69  3633.05912
       15.7  4521.57113
      15.71  5301.20249
      15.72   5965.5179
      15.73  6508.54311
      15.74  6927.04102
      15.75  7221.83665
      15.76  7397.46036
      15.77  7461.44372
      15.78    7421.583
      15.79  7284.81654
       15.8  7056.98337
      15.81  6742.85177
      15.82  6347.43844
      15.83  5875.45352
      15.84  5331.24834
      15.85  4719.91986
      15.86  4049.42923
      15.87  3330.17821
      15.88  2573.99559
      15.89  1792.29887
       15.9   993.59688
      15.91   182.14448
      15.92  -637.82458
      15.93  -1457.2122
      15.94  -2263.4383
      15.95  -3042.3622
      15.96   -3781.419
      15.97   -4471.694
      15.98    -5108.55
      15.99    -5693.21
        16.   -6231.715
      16.01    -6731.46
      16.02   -7196.739
      16.03   -7627.991
      16.04   -8021.569
      16.05   -8370.857
      16.06   -8666.333
      16.07   -8896.253
      16.08   -9048.422
      16.09   -9109.338
       16.1    -9065.21
      16.11   -8906.416
      16.12   -8631.839
      16.13    -8249.97
      16.14   -7777.238
      16.15   -7232.372
      16.16   -6632.169
      16.17   -5993.106
      16.18    -5330.45
      16.19   -4656.341
       16.2   -3980.003
      16.21   -3307.423
      16.22  -2641.7295
      16.23  -1983.6529
      16.24  -1333.2852
      16.25  -691.22055
      16.26   -60.55369
      16.27   551.08956
      16.28  1132.02333
      16.29   1669.6842
       16.3  2152.47762
      16.31  2570.88302
      16.32  2919.17798
      16.33  3196.06672
      16.34  3405.76785
      16.35  3557.06404
      16.36  3663.51013
      16.37   3738.9069
      16.38  3795.76182
      16.39  3846.01276
       16.4  3898.76055
      16.41  3959.82524
      16.42  4031.74788
      16.43  4113.62294
      16.44  4200.94859
      16.45  4288.19596
      16.46  4369.93287
      16.47  4441.58204
      16.48  4499.13723
      16.49  4538.82726
       16.5  4557.74328
      16.51  4554.52124
      16.52  4527.23031
      16.53  4471.53593
      16.54  4381.55182
      16.55  4250.23464
      16.56   4071.4546
      16.57   3841.9415
      16.58  3561.85145
      16.59  3233.01272
       16.6  2857.98725
      16.61  2440.06232
      16.62  1982.64915
      16.63  1489.10393
      16.64   963.89834
      16.65   411.82882
      16.66  -160.89996
      16.67    -745.855
      16.68  -1333.8135
      16.69  -1915.2109
       16.7  -2482.5189
      16.71  -3030.8346
      16.72   -3555.715
      16.73   -4052.006
      16.74   -4513.717
      16.75   -4931.763
      16.76   -5294.331
      16.77   -5587.668
      16.78   -5800.738
      16.79   -5927.234
       16.8   -5965.042
      16.81   -5914.312
      16.82   -5776.278
      16.83   -5551.774
      16.84   -5242.629
      16.85   -4852.008
      16.86   -4385.753
      16.87   -3854.129
      16.88   -3271.654
      16.89  -2654.9391
       16.9  -2018.1801
      16.91  -1372.2963
      16.92  -725.03373
      16.93   -82.76738
      16.94   549.35059
      16.95  1165.42014
      16.96  1760.34022
      16.97  2329.00774
      16.98  2862.11993
      16.99  3347.43101
        17.  3771.48582
      17.01  4122.86611
      17.02   4395.1552
      17.03  4588.03716
      17.04  4705.91356
      17.05  4756.90458
      17.06  4747.49415
      17.07  4680.99603
      17.08  4557.75254
      17.09  4373.74546
       17.1  4121.60079
      17.11  3794.72017
      17.12  3392.39208
      17.13  2920.10086
      17.14  2387.27002
      17.15  1807.47134
      17.16   1195.4037
      17.17   563.46488
      17.18   -78.63762
      17.19  -723.10702
       17.2  -1361.9038
      17.21  -1985.7076
      17.22  -2583.4239
      17.23  -3140.7525
      17.24   -3640.436
      17.25   -4062.446
      17.26   -4387.047
      17.27   -4598.913
      17.28   -4688.644
      17.29    -4653.66
       17.3   -4497.549
      17.31   -4226.951
      17.32   -3850.558
      17.33   -3376.732
      17.34  -2810.7374
      17.35  -2157.3077
      17.36  -1422.4506
      17.37  -614.37472
      17.38   256.37335
      17.39  1176.99394
       17.4  2133.06552
      17.41  3108.28809
      17.42   4084.4942
      17.43    5043.978
      17.44  5968.98309
      17.45  6841.57108
      17.46  7642.77179
      17.47  8352.84685
      17.48  8952.68874
      17.49  9427.10583
       17.5   9768.0283
      17.51   9971.6524
      17.52  10036.9962
      17.53  9964.54163
      17.54  9755.59229
      17.55  9411.82673
      17.56  8936.76671
      17.57   8337.1378
      17.58  7624.33887
      17.59  6812.63925
       17.6  5919.11228
      17.61  4963.51276
      17.62  3966.33605
      17.63  2947.51093
      17.64  1924.41247
      17.65   911.56212
      17.66   -79.60251
      17.67  -1042.5772
      17.68  -1974.0217
      17.69   -2869.983
       17.7    -3724.86
      17.71   -4530.371
      17.72    -5278.93
      17.73   -5964.588
      17.74    -6583.61
      17.75   -7133.353
      17.76   -7608.885
      17.77   -8003.612
      17.78   -8309.265
      17.79   -8514.579
       17.8   -8605.504
      17.81   -8567.232
      17.82   -8388.777
      17.83    -8064.45
      17.84    -7594.74
      17.85   -6985.251
      17.86   -6244.831
      17.87   -5387.157
      17.88   -4429.402
      17.89   -3391.476
       17.9  -2296.5312
      17.91  -1170.5171
      17.92   -37.42306
      17.93  1081.08847
      17.94  2163.98235
      17.95  3192.59763
      17.96   4151.2416
      17.97  5026.33407
      17.98  5807.24436
      17.99  6484.64359
        18.  7049.88109
      18.01  7494.55364
      18.02  7811.28157
      18.03   7993.8855
      18.04  8037.06354
      18.05  7938.89322
      18.06  7701.10659
      18.07  7328.62064
      18.08  6828.44967
      18.09  6209.48094
       18.1  5481.42642
      18.11  4654.14556
      18.12  3737.59727
      18.13  2743.61226
      18.14  1685.04556
      18.15   576.00376
      18.16  -568.83375
      18.17  -1734.8623
      18.18  -2907.3255
      18.19   -4071.582
       18.2   -5212.682
      18.21   -6316.361
      18.22   -7371.026
      18.23   -8366.345
      18.24   -9291.096
      18.25   -10134.71
      18.26  -10884.273
      18.27  -11520.056
      18.28  -12019.755
      18.29  -12364.535
       18.3  -12541.129
      18.31  -12543.371
      18.32  -12372.582
      18.33  -12035.036
      18.34  -11539.434
      18.35  -10895.162
      18.36   -10111.63
      18.37   -9200.018
      18.38   -8174.843
      18.39   -7054.639
       18.4   -5862.192
      18.41   -4621.276
      18.42   -3355.061
      18.43  -2086.7462
      18.44   -838.3299
      18.45    370.0923
      18.46  1519.92575
      18.47  2594.89004
      18.48  3580.86724
      18.49  4465.17859
       18.5  5236.78937
      18.51  5886.38826
      18.52  6406.66607
      18.53   6792.8751
      18.54  7043.65653
      18.55  7160.08931
      18.56  7145.75124
      18.57  7004.95923
      18.58  6742.76654
      18.59  6365.04999
       18.6   5878.0354
      18.61   5289.4088
      18.62  4609.03456
      18.63  3848.73716
      18.64  3023.50469
      18.65  2151.89793
      18.66  1254.60735
      18.67   352.98861
      18.68  -532.40939
      18.69  -1384.7662
       18.7  -2190.0014
      18.71  -2936.9486
      18.72   -3618.607
      18.73   -4232.059
      18.74   -4776.744
      18.75   -5252.255
      18.76   -5657.843
      18.77   -5992.231
      18.78   -6254.112
      18.79   -6441.874
       18.8   -6552.815
      18.81   -6583.607
      18.82   -6530.046
      18.83   -6387.221
      18.84     -6151.3
      18.85   -5821.626
      18.86   -5401.914
      18.87   -4899.875
      18.88   -4327.111
      18.89   -3697.313
       18.9  -3024.1747
      18.91  -2319.8257
      18.92  -1596.7507
      18.93  -867.16229
      18.94  -143.06944
      18.95   562.96872
      18.96  1238.64741
      18.97  1872.33585
      18.98  2453.09199
      18.99  2970.91321
        19.  3417.11443
      19.01  3785.55563
      19.02  4072.75851
      19.03  4278.11751
      19.04  4404.72371
      19.05  4459.93579
      19.06  4452.40996
      19.07  4390.54505
      19.08  4281.46081
      19.09  4129.63088
       19.1  3938.67725
      19.11  3711.09683
      19.12  3449.68003
      19.13  3158.55427
      19.14   2843.5444
      19.15  2511.91948
      19.16  2171.59622
      19.17  1831.60474
      19.18  1500.09396
      19.19  1184.79084
       19.2   894.38997
      19.21   637.61334
      19.22   422.40472
      19.23   255.97863
      19.24   144.25067
      19.25    90.84357
      19.26    97.58426
      19.27   163.68271
      19.28   285.93454
      19.29   460.10015
       19.3   680.59758
      19.31   939.25149
      19.32   1225.1931
      19.33  1525.99365
      19.34  1827.26573
      19.35  2116.53332
      19.36  2384.45749
      19.37  2625.69651
      19.38  2837.94321
      19.39  3021.49586
       19.4  3177.27453
      19.41  3305.79776
      19.42   3407.8189
      19.43  3483.78377
      19.44  3533.30027
      19.45  3556.70998
      19.46  3555.11012
      19.47  3530.93916
      19.48  3488.91652
      19.49  3434.71621
       19.5   3375.0752
      19.51  3317.52443
      19.52  3267.97936
      19.53  3229.18476
      19.54    3200.138
      19.55  3175.84461
      19.56  3149.04371
      19.57  3112.16087
      19.58   3057.8462
      19.59  2979.48186
       19.6  2871.05534
      19.61  2726.73456
      19.62  2542.14953
      19.63  2314.77089
      19.64  2045.20432
      19.65  1736.96068
      19.66  1394.73675
      19.67  1022.80328
      19.68   624.57381
      19.69   202.67918
       19.7  -239.14159
      19.71  -694.26741
      19.72  -1153.8838
      19.73  -1608.6602
      19.74   -2048.856
      19.75  -2466.2579
      19.76  -2854.8303
      19.77    -3209.17
      19.78   -3524.412
      19.79   -3796.165
       19.8   -4019.695
      19.81   -4190.316
      19.82   -4305.406
      19.83    -4363.88
      19.84   -4365.281
      19.85   -4308.993
      19.86   -4194.123
      19.87   -4019.858
      19.88   -3784.334
      19.89   -3485.438
       19.9  -3122.8982
      19.91  -2697.7155
      19.92  -2211.8136
      19.93  -1668.6602
      19.94  -1074.7847
      19.95  -440.07377
      19.96   223.44686
      19.97   902.80582
      19.98   1583.1457
      19.99  2247.69251
        20.  2880.31491
