         0.          0.
       0.01          0.
       0.02   5.276E-06
       0.03   2.171E-05
       0.04   6.696E-05
       0.05   1.745E-04
       0.06   4.001E-04
       0.07   8.255E-04
       0.08     0.00156
       0.09     0.00272
        0.1     0.00445
       0.11     0.00687
       0.12     0.01007
       0.13     0.01412
       0.14     0.01902
       0.15     0.02468
       0.16     0.03098
       0.17     0.03769
       0.18     0.04455
       0.19     0.05125
        0.2     0.05747
       0.21      0.0629
       0.22     0.06726
       0.23     0.07034
       0.24     0.07199
       0.25     0.07215
       0.26     0.07086
       0.27     0.06823
       0.28     0.06442
       0.29     0.05966
        0.3      0.0542
       0.31     0.04829
       0.32     0.04218
       0.33     0.03607
       0.34     0.03013
       0.35     0.02448
       0.36      0.0192
       0.37     0.01432
       0.38     0.00982
       0.39     0.00568
        0.4     0.00182
       0.41    -0.00183
       0.42    -0.00535
       0.43    -0.00881
       0.44    -0.01226
       0.45    -0.01571
       0.46    -0.01917
       0.47    -0.02257
       0.48    -0.02582
       0.49    -0.02879
        0.5    -0.03132
       0.51    -0.03323
       0.52    -0.03432
       0.53    -0.03442
       0.54    -0.03335
       0.55    -0.03101
       0.56    -0.02735
       0.57    -0.02243
       0.58    -0.01641
       0.59    -0.00959
        0.6    -0.00239
       0.61      0.0047
       0.62     0.01117
       0.63     0.01654
       0.64     0.02038
       0.65     0.02241
       0.66     0.02249
       0.67      0.0207
       0.68      0.0173
       0.69     0.01275
        0.7     0.00771
       0.71     0.00297
       0.72  -5.978E-04
       0.73     -0.0021
       0.74  -6.837E-04
       0.75     0.00439
       0.76     0.01365
       0.77     0.02732
       0.78     0.04522
       0.79      0.0667
        0.8     0.09059
       0.81     0.11525
       0.82     0.13868
       0.83      0.1587
       0.84     0.17314
       0.85     0.18012
       0.86     0.17823
       0.87     0.16671
       0.88     0.14553
       0.89     0.11543
        0.9      0.0778
       0.91     0.03457
       0.92    -0.01194
       0.93     -0.0592
       0.94     -0.1046
       0.95    -0.14557
       0.96    -0.17976
       0.97    -0.20516
       0.98    -0.22026
       0.99    -0.22417
         1.    -0.21671
       1.01    -0.19843
       1.02    -0.17055
       1.03    -0.13494
       1.04    -0.09391
       1.05     -0.0501
       1.06    -0.00624
       1.07     0.03504
       1.08     0.07149
       1.09     0.10133
        1.1     0.12339
       1.11     0.13713
       1.12     0.14255
       1.13     0.14015
       1.14     0.13075
       1.15     0.11537
       1.16     0.09508
       1.17      0.0708
       1.18     0.04327
       1.19     0.01298
        1.2    -0.01981
       1.21    -0.05504
       1.22    -0.09263
       1.23    -0.13237
       1.24    -0.17371
       1.25     -0.2156
       1.26    -0.25648
       1.27    -0.29434
       1.28    -0.32698
       1.29    -0.35226
        1.3    -0.36852
       1.31    -0.37482
       1.32    -0.37113
       1.33    -0.35843
       1.34    -0.33869
       1.35     -0.3146
       1.36    -0.28934
       1.37     -0.2661
       1.38    -0.24766
       1.39    -0.23605
        1.4    -0.23216
       1.41    -0.23554
       1.42    -0.24431
       1.43    -0.25523
       1.44    -0.26397
       1.45     -0.2656
       1.46    -0.25519
       1.47    -0.22855
       1.48    -0.18291
       1.49    -0.11754
        1.5    -0.03419
       1.51     0.06281
       1.52     0.16673
       1.53       0.269
       1.54      0.3601
       1.55     0.43056
       1.56     0.47215
       1.57     0.47883
       1.58     0.44763
       1.59       0.379
        1.6     0.27687
       1.61     0.14828
       1.62     0.00263
       1.63    -0.14927
       1.64    -0.29627
       1.65     -0.4279
       1.66    -0.53525
       1.67    -0.61152
       1.68    -0.65243
       1.69    -0.65619
        1.7    -0.62347
       1.71    -0.55705
       1.72    -0.46154
       1.73    -0.34306
       1.74    -0.20898
       1.75    -0.06767
       1.76     0.07171
       1.77     0.19948
       1.78     0.30578
       1.79     0.38112
        1.8     0.41698
       1.81     0.40653
       1.82     0.34543
       1.83     0.23241
       1.84     0.06981
       1.85    -0.13622
       1.86    -0.37567
       1.87    -0.63491
       1.88    -0.89731
       1.89    -1.14411
        1.9    -1.35577
       1.91    -1.51347
       1.92    -1.60084
       1.93    -1.60567
       1.94     -1.5214
       1.95    -1.34828
       1.96    -1.09384
       1.97    -0.77276
       1.98    -0.40597
       1.99    -0.01917
         2.     0.35925
       2.01     0.70076
       2.02     0.97934
       2.03     1.17421
       2.04     1.27215
       2.05     1.26916
       2.06     1.17118
       2.07     0.99376
       2.08      0.7607
       2.09     0.50166
        2.1     0.24905
       2.11     0.03438
       2.12    -0.11537
       2.13    -0.18106
       2.14    -0.15379
       2.15    -0.03601
       2.16     0.15856
       2.17     0.40657
       2.18     0.67771
       2.19      0.9382
        2.2     1.15481
       2.21      1.2988
       2.22     1.34925
       2.23     1.29556
       2.24     1.13849
       2.25     0.88996
       2.26     0.57129
       2.27     0.21044
       2.28    -0.16158
       2.29    -0.51447
        2.3    -0.82215
       2.31    -1.06559
       2.32    -1.23456
       2.33    -1.32817
       2.34    -1.35403
       2.35    -1.32632
       2.36    -1.26294
       2.37    -1.18224
       2.38    -1.09985
       2.39    -1.02605
        2.4    -0.96412
       2.41    -0.90988
       2.42    -0.85257
       2.43    -0.77689
       2.44    -0.66588
       2.45    -0.50421
       2.46    -0.28139
       2.47     0.00573
       2.48     0.35164
       2.49     0.74217
        2.5     1.15586
       2.51     1.56647
       2.52     1.94613
       2.53     2.26876
       2.54     2.51314
       2.55     2.66521
       2.56     2.71943
       2.57     2.67893
       2.58     2.55471
       2.59     2.36391
        2.6      2.1275
       2.61     1.86761
       2.62     1.60504
       2.63     1.35711
       2.64     1.13607
       2.65     0.94844
       2.66     0.79492
       2.67     0.67111
       2.68     0.56867
       2.69     0.47691
        2.7     0.38448
       2.71     0.28114
       2.72     0.15937
       2.73     0.01571
       2.74    -0.14835
       2.75    -0.32616
       2.76    -0.50618
       2.77    -0.67293
       2.78    -0.80823
       2.79    -0.89277
        2.8    -0.90777
       2.81    -0.83667
       2.82    -0.66661
       2.83    -0.38971
       2.84    -0.00399
       2.85      0.4861
       2.86     1.06956
       2.87     1.72925
       2.88     2.44271
       2.89     3.18344
        2.9     3.92247
       2.91     4.63011
       2.92     5.27773
       2.93     5.83945
       2.94     6.29357
       2.95     6.62369
       2.96     6.81934
       2.97     6.87617
       2.98     6.79559
       2.99     6.58388
         3.     6.25085
       3.01     5.80816
       3.02     5.26765
       3.03     4.63998
       3.04     3.93383
       3.05     3.15594
       3.06     2.31184
       3.07     1.40719
       3.08     0.44946
       3.09    -0.55044
        3.1    -1.57698
       3.11    -2.60955
       3.12    -3.62282
       3.13    -4.58804
       3.14    -5.47506
       3.15    -6.25469
       3.16    -6.90099
       3.17    -7.39309
       3.18    -7.71603
       3.19     -7.8608
        3.2    -7.82347
       3.21    -7.60403
       3.22    -7.20502
       3.23    -6.63041
       3.24    -5.88496
       3.25    -4.97419
       3.26    -3.90494
       3.27    -2.68651
       3.28    -1.33206
       3.29     0.13987
        3.3     1.70405
       3.31     3.32772
       3.32     4.97035
       3.33     6.58426
       3.34     8.11612
       3.35     9.50957
       3.36    10.70855
       3.37    11.66124
       3.38    12.32423
       3.39    12.66627
        3.4    12.67137
       3.41    12.34055
       3.42    11.69219
       3.43    10.76052
       3.44     9.59255
       3.45     8.24344
       3.46     6.77099
       3.47     5.22979
       3.48     3.66596
       3.49     2.11311
        3.5     0.59047
       3.51    -0.89655
       3.52    -2.35308
       3.53    -3.78949
       3.54    -5.21513
       3.55    -6.63235
       3.56     -8.0319
       3.57    -9.39074
       3.58   -10.67283
       3.59   -11.83281
        3.6   -12.82187
       3.61   -13.59491
       3.62   -14.11763
       3.63   -14.37242
       3.64   -14.36216
       3.65    -14.1111
       3.66    -13.6628
       3.67   -13.07536
       3.68   -12.41458
       3.69   -11.74614
        3.7   -11.12779
       3.71   -10.60275
       3.72   -10.19494
       3.73    -9.90672
       3.74    -9.71922
       3.75    -9.59505
       3.76    -9.48273
       3.77    -9.32218
       3.78    -9.05082
       3.79    -8.60986
        3.8    -7.95016
       3.81    -7.03751
       3.82    -5.85665
       3.83     -4.4138
       3.84    -2.73725
       3.85    -0.87595
       3.86     1.10397
       3.87      3.1244
       3.88     5.10186
       3.89     6.95466
        3.9     8.61007
       3.91    10.01064
       3.92    11.11882
       3.93    11.91931
       3.94     12.4186
       3.95    12.64179
       3.96    12.62686
       3.97    12.41715
       3.98    12.05318
       3.99    11.56508
         4.    10.96703
       4.01     10.2546
       4.02     9.40558
       4.03     8.38424
       4.04     7.14859
       4.05     5.65949
       4.06     3.89045
       4.07     1.83639
       4.08    -0.47969
       4.09    -3.00346
        4.1    -5.65003
       4.11    -8.30916
       4.12    -10.8544
       4.13   -13.15536
       4.14   -15.09151
       4.15   -16.56579
       4.16   -17.51614
       4.17   -17.92325
       4.18   -17.81332
       4.19   -17.25529
        4.2   -16.35267
       4.21   -15.23094
       4.22   -14.02202
       4.23   -12.84786
       4.24   -11.80511
       4.25    -10.9532
       4.26    -10.3072
       4.27    -9.83656
       4.28     -9.4699
       4.29    -9.10516
        4.3     -8.6239
       4.31    -7.90771
       4.32    -6.85475
       4.33    -5.39413
       4.34    -3.49632
       4.35    -1.17813
       4.36     1.49809
       4.37     4.43095
       4.38     7.49118
       4.39    10.53569
        4.4    13.42268
       4.41    16.02573
       4.42    18.24501
       4.43    20.01454
       4.44    21.30466
       4.45    22.12007
       4.46    22.49394
       4.47    22.47959
       4.48    22.14101
       4.49    21.54359
        4.5    20.74641
       4.51    19.79685
       4.52    18.72803
       4.53    17.55919
       4.54    16.29838
       4.55      14.947
       4.56    13.50497
       4.57    11.97571
       4.58       10.37
       4.59     8.70801
        4.6     7.01918
       4.61     5.33995
       4.62     3.70957
       4.63     2.16485
       4.64     0.73433
       4.65    -0.56684
       4.66    -1.74042
       4.67    -2.80612
       4.68    -3.79981
       4.69    -4.76903
        4.7    -5.76619
       4.71    -6.84048
       4.72    -8.02947
       4.73    -9.35172
       4.74   -10.80126
       4.75   -12.34487
       4.76   -13.92251
       4.77   -15.45095
       4.78   -16.83018
       4.79   -17.95219
        4.8   -18.71108
       4.81   -19.01355
       4.82   -18.78881
       4.83    -17.9969
       4.84   -16.63436
       4.85   -14.73685
       4.86   -12.37817
       4.87    -9.66564
       4.88    -6.73223
       4.89    -3.72607
        4.9    -0.79849
       4.91     1.90828
       4.92     4.27237
       4.93     6.20138
       4.94     7.63839
       4.95     8.56447
       4.96     8.99759
       4.97      8.9884
       4.98     8.61368
       4.99     7.96833
         5.     7.15702
       5.01     6.28601
       5.02     5.45578
       5.03     4.75488
       5.04     4.25511
       5.05     4.00818
       5.06     4.04369
       5.07      4.3685
       5.08     4.96717
       5.09     5.80358
        5.1     6.82328
       5.11     7.95681
       5.12     9.12357
       5.13    10.23651
       5.14    11.20736
       5.15     11.9522
       5.16    12.39715
       5.17    12.48376
       5.18    12.17373
       5.19    11.45247
        5.2     10.3312
       5.21     8.84716
       5.22     7.06188
       5.23     5.05743
       5.24     2.93084
       5.25     0.78711
       5.26    -1.26864
       5.27    -3.13915
       5.28     -4.7424
       5.29    -6.01755
        5.3    -6.92903
       5.31     -7.4681
       5.32    -7.65216
       5.33    -7.52174
       5.34    -7.13569
       5.35    -6.56519
       5.36    -5.88713
       5.37    -5.17756
       5.38    -4.50587
       5.39    -3.93003
        5.4     -3.4935
       5.41    -3.22372
       5.42    -3.13226
       5.43    -3.21647
       5.44    -3.46224
       5.45    -3.84739
       5.46    -4.34509
       5.47    -4.92687
       5.48    -5.56461
       5.49    -6.23141
        5.5    -6.90116
       5.51    -7.54714
       5.52    -8.14015
       5.53    -8.64686
       5.54     -9.0289
       5.55     -9.2434
       5.56    -9.24503
       5.57    -8.98958
       5.58    -8.43885
       5.59    -7.56606
        5.6    -6.36139
       5.61    -4.83672
       5.62    -3.02874
       5.63    -0.99965
       5.64     1.16505
       5.65     3.36161
       5.66     5.47581
       5.67     7.39244
       5.68     9.00561
       5.69    10.22858
        5.7    11.00182
       5.71    11.29848
       5.72    11.12643
       5.73    10.52692
       5.74     9.57007
       5.75     8.34776
       5.76     6.96479
       5.77     5.52925
       5.78      4.1431
       5.79     2.89363
        5.8     1.84669
       5.81     1.04219
       5.82     0.49216
       5.83     0.18164
       5.84     0.07205
       5.85     0.10667
       5.86     0.21735
       5.87     0.33164
       5.88     0.37955
       5.89     0.29942
        5.9     0.04222
       5.91    -0.42545
       5.92    -1.12007
       5.93    -2.04112
       5.94    -3.17207
       5.95    -4.48224
       5.96    -5.92903
       5.97    -7.46048
       5.98    -9.01782
       5.99   -10.53779
         6.   -11.95477
       6.01   -13.20265
       6.02    -14.2167
       6.03   -14.93551
       6.04   -15.30324
       6.05   -15.27231
       6.06   -14.80656
       6.07   -13.88463
       6.08    -12.5033
       6.09   -10.68039
        6.1    -8.45653
       6.11    -5.89561
       6.12    -3.08338
       6.13    -0.12398
       6.14     2.86544
       6.15     5.76168
       6.16     8.44344
       6.17    10.79949
       6.18    12.73655
       6.19    14.18609
        6.2     15.1096
       6.21    15.50178
       6.22    15.39131
       6.23    14.83898
       6.24    13.93318
       6.25    12.78315
       6.26     11.5103
       6.27    10.23855
       6.28     9.08442
       6.29      8.1476
        6.3     7.50312
       6.31     7.19536
       6.32     7.23466
       6.33     7.59645
       6.34     8.22337
       6.35     9.02992
       6.36     9.90957
       6.37    10.74349
       6.38    11.41015
       6.39    11.79498
        6.4     11.7991
       6.41    11.34686
       6.42     10.3914
       6.43     8.91794
       6.44      6.9448
       6.45     4.52192
       6.46     1.72728
       6.47    -1.33855
       6.48    -4.55924
       6.49    -7.81023
        6.5    -10.9664
       6.51    -13.9093
       6.52   -16.53321
       6.53    -18.7498
       6.54   -20.49115
       6.55   -21.71136
       6.56   -22.38696
       6.57   -22.51653
       6.58   -22.11984
       6.59    -21.2365
        6.6   -19.92429
       6.61   -18.25708
       6.62   -16.32209
       6.63   -14.21643
       6.64   -12.04263
       6.65    -9.90339
       6.66    -7.89563
       6.67    -6.10435
       6.68    -4.59667
       6.69    -3.41666
        6.7    -2.58146
       6.71    -2.07894
       6.72     -1.8675
       6.73    -1.87814
       6.74    -2.01887
       6.75    -2.18146
       6.76    -2.25009
       6.77    -2.11148
       6.78    -1.66551
       6.79    -0.83544
        6.8     0.42326
       6.81     2.11644
       6.82     4.20786
       6.83     6.61942
       6.84     9.23534
       6.85    11.90996
       6.86    14.47879
       6.87    16.77186
       6.88     18.6283
       6.89    19.91067
        6.9    20.51774
       6.91    20.39434
       6.92    19.53712
       6.93    17.99565
       6.94    15.86865
       6.95    13.29571
       6.96    10.44538
       6.97     7.50066
       6.98     4.64367
       6.99     2.04064
         7.    -0.17111
       7.01    -1.89308
       7.02    -3.07181
       7.03    -3.70063
       7.04    -3.81702
       7.05    -3.49602
       7.06    -2.84051
       7.07    -1.96942
       7.08    -1.00546
       7.09    -0.06369
        7.1     0.75788
       7.11     1.38461
       7.12     1.76818
       7.13     1.88616
       7.14     1.73874
       7.15     1.34382
       7.16     0.73129
       7.17    -0.06234
       7.18    -0.99815
       7.19    -2.03755
        7.2    -3.14341
       7.21    -4.27995
       7.22    -5.41188
       7.23    -6.50347
       7.24    -7.51804
       7.25     -8.4182
       7.26    -9.16694
       7.27    -9.72943
       7.28   -10.07492
       7.29   -10.17853
        7.3    -10.0225
       7.31    -9.59699
       7.32    -8.90052
       7.33    -7.94032
       7.34    -6.73236
       7.35    -5.30126
       7.36    -3.67966
       7.37    -1.90708
       7.38    -0.02837
       7.39     1.90841
        7.4     3.85425
       7.41     5.76155
       7.42     7.58634
       7.43     9.29015
       7.44    10.84153
       7.45    12.21691
       7.46    13.40096
       7.47    14.38631
       7.48    15.17258
       7.49    15.76483
        7.5    16.17151
       7.51     16.4022
       7.52    16.46544
       7.53    16.36692
       7.54    16.10832
       7.55    15.68698
       7.56    15.09641
       7.57    14.32749
       7.58    13.37048
       7.59     12.2173
        7.6     10.8642
       7.61     9.31413
       7.62     7.57868
       7.63     5.67932
       7.64     3.64746
       7.65     1.52354
       7.66    -0.64506
       7.67    -2.80703
       7.68    -4.91067
       7.69    -6.90753
        7.7    -8.75587
       7.71   -10.42334
       7.72   -11.88895
       7.73   -13.14388
       7.74   -14.19138
       7.75   -15.04561
       7.76   -15.72963
       7.77   -16.27273
       7.78   -16.70708
       7.79   -17.06417
        7.8   -17.37091
       7.81   -17.64588
       7.82    -17.8959
       7.83   -18.11346
       7.84   -18.27522
       7.85   -18.34211
       7.86   -18.26109
       7.87   -17.96893
       7.88   -17.39762
       7.89    -16.4814
        7.9   -15.16447
       7.91   -13.40897
       7.92   -11.20197
       7.93    -8.56078
       7.94    -5.53557
       7.95    -2.20889
       7.96     1.30831
       7.97     4.88358
       7.98     8.37249
       7.99    11.62933
         8.    14.51814
       8.01    16.92268
       8.02    18.75456
       8.03    19.95869
       8.04    20.51587
       8.05    20.44252
       8.06    19.78781
       8.07    18.62862
       8.08    17.06301
       8.09     15.2025
        8.1    13.16404
       8.11    11.06201
       8.12     9.00088
       8.13     7.06896
       8.14     5.33375
       8.15     3.83889
       8.16     2.60305
       8.17      1.6205
       8.18     0.86329
       8.19     0.28485
        8.2     -0.1754
       8.21    -0.58644
       8.22    -1.01951
       8.23    -1.54181
       8.24    -2.21048
       8.25    -3.06757
       8.26    -4.13621
       8.27    -5.41839
       8.28    -6.89452
       8.29    -8.52464
        8.3   -10.25127
       8.31    -12.0034
       8.32   -13.70141
       8.33   -15.26246
       8.34   -16.60604
       8.35    -17.6592
       8.36   -18.36127
       8.37   -18.66769
       8.38   -18.55292
       8.39   -18.01211
        8.4   -17.06177
       8.41   -15.73932
       8.42   -14.10151
       8.43   -12.22189
       8.44   -10.18723
       8.45      -8.093
       8.46    -6.03808
       8.47    -4.11885
       8.48    -2.42311
       8.49    -1.02414
        8.5     0.02442
       8.51     0.69247
       8.52     0.97562
       8.53     0.89545
       8.54     0.49784
       8.55    -0.15035
       8.56     -0.9658
       8.57    -1.85411
       8.58    -2.71528
       8.59    -3.44908
        8.6    -3.95996
       8.61    -4.16159
       8.62      -3.981
       8.63    -3.36241
       8.64    -2.27063
       8.65    -0.69378
       8.66     1.35472
       8.67     3.83535
       8.68     6.68309
       8.69     9.80947
        8.7    13.10628
       8.71    16.45068
       8.72    19.71153
       8.73     22.7565
       8.74    25.45944
       8.75    27.70752
       8.76    29.40757
       8.77    30.49113
       8.78    30.91773
       8.79    30.67621
        8.8    29.78409
       8.81    28.28501
       8.82    26.24455
       8.83    23.74492
       8.84    20.87899
       8.85    17.74429
       8.86     14.4374
       8.87    11.04923
       8.88     7.66152
       8.89      4.3446
        8.9     1.15642
       8.91    -1.85744
       8.92    -4.66293
       8.93    -7.23628
       8.94    -9.56257
       8.95   -11.63437
       8.96   -13.45061
       8.97    -15.0157
       8.98   -16.33877
       8.99   -17.43312
         9.   -18.31538
       9.01   -19.00444
       9.02   -19.51996
       9.03   -19.88031
       9.04   -20.10045
       9.05   -20.18975
       9.06   -20.15013
       9.07   -19.97515
       9.08   -19.64997
       9.09   -19.15266
        9.1   -18.45668
       9.11   -17.53454
       9.12   -16.36207
       9.13   -14.92305
       9.14   -13.21329
       9.15   -11.24379
       9.16    -9.04215
       9.17    -6.65211
       9.18    -4.13094
       9.19    -1.54515
        9.2     1.03492
       9.21     3.54069
       9.22     5.91062
       9.23     8.09419
       9.24    10.05434
       9.25    11.76812
       9.26    13.22582
       9.27    14.42894
       9.28    15.38759
       9.29    16.11758
        9.3    16.63767
       9.31    16.96721
       9.32    17.12435
       9.33    17.12494
       9.34    16.98216
       9.35    16.70678
       9.36    16.30799
       9.37    15.79445
       9.38    15.17518
       9.39    14.46018
        9.4    13.66045
       9.41    12.78736
       9.42     11.8516
       9.43    10.86162
       9.44     9.82221
       9.45     8.73344
       9.46     7.59039
       9.47     6.38395
       9.48     5.10262
       9.49     3.73532
        9.5     2.27445
       9.51     0.71904
       9.52    -0.92291
       9.53    -2.63314
       9.54    -4.38341
       9.55    -6.13712
       9.56    -7.85238
       9.57    -9.48605
       9.58   -10.99812
       9.59   -12.35589
        9.6   -13.53737
       9.61   -14.53313
       9.62   -15.34662
       9.63   -15.99262
       9.64   -16.49418
       9.65    -16.8784
       9.66    -17.1716
       9.67   -17.39462
       9.68   -17.55873
       9.69   -17.66288
        9.7   -17.69255
       9.71   -17.62046
       9.72   -17.40907
       9.73   -17.01461
       9.74   -16.39215
       9.75   -15.50112
       9.76    -14.3107
       9.77   -12.80444
       9.78   -10.98372
       9.79    -8.86949
        9.8    -6.50207
       9.81    -3.93891
       9.82    -1.25042
       9.83     1.48559
       9.84     4.19026
       9.85     6.79009
       9.86     9.22263
       9.87    11.44071
       9.88    13.41481
       9.89    15.13324
        9.9    16.60026
       9.91    17.83248
       9.92    18.85408
       9.93    19.69154
       9.94    20.36882
       9.95    20.90342
       9.96    21.30387
       9.97    21.56888
       9.98    21.68812
       9.99    21.64414
        10.     21.4151
      10.01    20.97766
      10.02    20.30982
      10.03    19.39318
      10.04    18.21458
      10.05    16.76711
      10.06     15.0504
      10.07    13.07053
      10.08    10.83956
      10.09     8.37486
       10.1     5.69845
      10.11     2.83639
      10.12    -0.18146
      10.13    -3.32141
      10.14    -6.54537
      10.15    -9.80999
      10.16   -13.06575
      10.17    -16.2562
      10.18   -19.31799
      10.19   -22.18172
       10.2   -24.77389
      10.21   -27.01993
      10.22    -28.8478
      10.23   -30.19207
      10.24   -30.99768
      10.25   -31.22319
      10.26   -30.84304
      10.27   -29.84885
      10.28   -28.24945
      10.29   -26.07021
       10.3   -23.35156
      10.31   -20.14724
      10.32   -16.52249
      10.33   -12.55229
      10.34     -8.3198
      10.35    -3.91492
      10.36     0.56734
      10.37     5.02856
      10.38      9.3691
      10.39    13.49058
       10.4     17.2986
      10.41    20.70571
      10.42    23.63424
      10.43    26.01896
      10.44     27.8094
      10.45    28.97162
      10.46    29.48951
      10.47    29.36537
      10.48    28.61985
      10.49    27.29105
       10.5     25.4329
      10.51    23.11272
      10.52    20.40819
      10.53    17.40373
      10.54    14.18668
      10.55     10.8434
      10.56      7.4557
      10.57     4.09767
      10.58     0.83322
      10.59    -2.28561
       10.6    -5.21938
      10.61    -7.94096
      10.62   -10.43438
      10.63   -12.69276
      10.64   -14.71552
      10.65    -16.5053
      10.66   -18.06488
      10.67   -19.39455
      10.68   -20.49036
      10.69   -21.34349
       10.7   -21.94084
      10.71   -22.26674
      10.72   -22.30562
      10.73   -22.04498
      10.74   -21.47813
      10.75   -20.60634
      10.76   -19.43976
      10.77   -17.99712
      10.78   -16.30435
      10.79   -14.39243
       10.8   -12.29495
      10.81   -10.04585
      10.82    -7.67782
      10.83    -5.22162
      10.84     -2.7061
      10.85    -0.15913
      10.86     2.39123
      10.87     4.91536
      10.88     7.38099
      10.89     9.75258
       10.9    11.99143
      10.91    14.05655
      10.92    15.90628
      10.93    17.50063
      10.94    18.80398
      10.95    19.78798
      10.96    20.43421
      10.97    20.73631
      10.98    20.70124
      10.99    20.34953
        11.    19.71414
      11.01    18.83824
      11.02    17.77174
      11.03    16.56708
      11.04    15.27466
      11.05     13.9384
      11.06     12.5919
      11.07    11.25589
      11.08       9.937
      11.09     8.62824
       11.1     7.31109
      11.11     5.95898
      11.12     4.54171
      11.13     3.03037
      11.14      1.4022
      11.15    -0.35525
      11.16    -2.24096
      11.17    -4.23878
      11.18    -6.31741
      11.19    -8.43178
       11.2   -10.52584
      11.21   -12.53608
      11.22   -14.39564
      11.23   -16.03823
      11.24   -17.40183
      11.25    -18.4318
      11.26    -19.0833
      11.27   -19.32306
      11.28   -19.13063
      11.29   -18.49905
       11.3   -17.43516
      11.31   -15.95955
      11.32   -14.10609
      11.33   -11.92123
      11.34    -9.46282
      11.35    -6.79865
      11.36    -4.00439
      11.37    -1.16114
      11.38     1.64761
      11.39     4.33945
       11.4     6.83681
      11.41     9.07097
      11.42    10.98578
      11.43    12.54098
      11.44    13.71455
      11.45    14.50376
      11.46    14.92474
      11.47    15.01022
      11.48    14.80581
      11.49    14.36495
       11.5    13.74299
      11.51    12.99119
      11.52    12.15122
      11.53    11.25087
      11.54    10.30153
      11.55     9.29773
      11.56     8.21889
      11.57       7.033
      11.58     5.70198
      11.59     4.18799
       11.6     2.46012
      11.61     0.50075
      11.62    -1.68896
      11.63    -4.08519
      11.64    -6.63954
      11.65    -9.27942
      11.66   -11.91098
      11.67   -14.42433
      11.68   -16.70065
      11.69   -18.62066
       11.7   -20.07375
      11.71   -20.96662
      11.72   -21.23102
      11.73   -20.82953
      11.74   -19.75909
      11.75   -18.05197
      11.76   -15.77427
      11.77   -13.02207
      11.78    -9.91581
      11.79    -6.59323
       11.8    -3.20144
      11.81     0.11123
      11.82     3.20338
      11.83     5.94804
      11.84     8.23932
      11.85      9.9978
      11.86    11.17445
      11.87    11.75294
      11.88    11.75009
      11.89    11.21448
       11.9    10.22321
      11.91     8.87696
      11.92     7.29356
      11.93     5.60042
      11.94     3.92623
      11.95     2.39252
      11.96     1.10543
      11.97     0.14859
      11.98    -0.42271
      11.99    -0.58528
        12.    -0.34966
      12.01     0.24082
      12.02     1.11326
      12.03     2.17081
      12.04     3.29995
      12.05      4.3792
      12.06     5.28826
      12.07     5.91708
      12.08     6.17403
      12.09     5.99249
       12.1     5.33566
      12.11     4.19896
      12.12     2.61035
      12.13     0.62837
      12.14    -1.66163
      12.15    -4.15284
      12.16    -6.72358
      12.17     -9.2445
      12.18   -11.58617
      12.19   -13.62658
       12.2   -15.25811
      12.21   -16.39368
      12.22   -16.97172
      12.23   -16.95953
      12.24   -16.35502
      12.25   -15.18651
      12.26   -13.51064
      12.27   -11.40859
      12.28    -8.98081
      12.29    -6.34069
       12.3     -3.6077
      12.31    -0.90037
      12.32     1.67032
      12.33      4.0067
      12.34     6.02915
      12.35     7.67936
      12.36     8.92221
      12.37     9.74613
      12.38    10.16214
      12.39    10.20167
       12.4     9.91344
      12.41     9.35971
      12.42      8.6119
      12.43     7.74608
      12.44      6.8383
      12.45     5.96019
      12.46     5.17479
      12.47     4.53298
      12.48     4.07066
      12.49     3.80675
       12.5     3.74223
      12.51     3.86029
      12.52     4.12772
      12.53     4.49729
      12.54     4.91139
      12.55     5.30627
      12.56     5.61703
      12.57     5.78264
      12.58     5.75085
      12.59      5.4824
       12.6     4.95442
      12.61     4.16258
      12.62     3.12188
      12.63     1.86602
      12.64     0.44548
      12.65    -1.07568
      12.66    -2.62392
      12.67    -4.12097
      12.68    -5.48883
      12.69    -6.65465
       12.7    -7.55526
      12.71    -8.14078
      12.72    -8.37743
      12.73    -8.24911
      12.74    -7.75793
      12.75    -6.92364
      12.76    -5.78214
      12.77    -4.38324
      12.78    -2.78784
      12.79    -1.06476
       12.8     0.71244
      12.81     2.46878
      12.82     4.13099
      12.83     5.63039
      12.84     6.90568
      12.85     7.90525
      12.86     8.58914
      12.87     8.93048
      12.88     8.91643
      12.89     8.54847
       12.9     7.84213
      12.91     6.82616
      12.92     5.54116
      12.93     4.03776
      12.94     2.37448
      12.95     0.61521
      12.96    -1.17339
      12.97    -2.92474
      12.98    -4.57517
      12.99    -6.06668
        13.    -7.34956
      13.01    -8.38459
      13.02    -9.14475
      13.03     -9.6163
      13.04    -9.79913
      13.05     -9.7063
      13.06    -9.36283
      13.07    -8.80382
      13.08    -8.07196
      13.09    -7.21467
       13.1    -6.28095
      13.11    -5.31819
      13.12    -4.36919
      13.13    -3.46958
      13.14    -2.64593
      13.15    -1.91465
      13.16     -1.2818
      13.17    -0.74387
      13.18    -0.28921
      13.19     0.09991
       13.2       0.445
      13.21     0.76902
      13.22     1.09438
      13.23     1.44119
      13.24     1.82605
      13.25     2.26113
      13.26     2.75355
      13.27       3.305
      13.28     3.91133
      13.29     4.56224
       13.3     5.24094
      13.31       5.924
      13.32     6.58155
      13.33     7.17793
      13.34     7.67314
      13.35     8.02497
      13.36     8.19198
      13.37     8.13704
      13.38     7.83119
      13.39     7.25753
       13.4     6.41447
      13.41     5.31815
      13.42     4.00326
      13.43     2.52229
      13.44     0.94279
      13.45    -0.65701
      13.46    -2.19402
      13.47    -3.58689
      13.48    -4.76288
      13.49    -5.66401
       13.5    -6.25215
      13.51     -6.5123
      13.52    -6.45385
      13.53    -6.10975
      13.54    -5.53366
      13.55     -4.7953
      13.56    -3.97463
      13.57    -3.15511
      13.58    -2.41694
      13.59    -1.83057
       13.6    -1.45128
      13.61      -1.315
      13.62    -1.43581
      13.63    -1.80521
      13.64     -2.3932
      13.65    -3.15086
      13.66    -4.01426
      13.67    -4.90932
      13.68    -5.75718
      13.69    -6.47977
       13.7     -7.0051
      13.71    -7.27204
      13.72    -7.23416
      13.73     -6.8625
      13.74    -6.14712
      13.75    -5.09738
      13.76    -3.74113
      13.77    -2.12278
      13.78     -0.3006
      13.79     1.65666
       13.8     3.67343
      13.81     5.67123
      13.82     7.57252
      13.83     9.30434
      13.84    10.80177
      13.85    12.01092
      13.86    12.89144
      13.87     13.4185
      13.88     13.5839
      13.89    13.39639
       13.9    12.88096
      13.91    12.07719
      13.92    11.03662
      13.93      9.8194
      13.94     8.49035
      13.95     7.11472
      13.96     5.75404
      13.97      4.4623
      13.98     3.28282
      13.99     2.24599
        14.     1.36808
      14.01      0.6512
      14.02     0.08426
      14.03    -0.35505
      14.04    -0.69755
      14.05    -0.97941
      14.06    -1.23868
      14.07    -1.51194
      14.08    -1.83132
      14.09    -2.22196
       14.1    -2.70026
      14.11    -3.27279
      14.12    -3.93604
      14.13    -4.67688
      14.14    -5.47353
      14.15    -6.29713
      14.16    -7.11364
      14.17    -7.88589
      14.18    -8.57587
      14.19    -9.14698
       14.2    -9.56612
      14.21    -9.80571
      14.22    -9.84537
      14.23    -9.67323
      14.24    -9.28684
      14.25    -8.69346
      14.26    -7.90978
      14.27    -6.96096
      14.28    -5.87902
      14.29    -4.70079
       14.3    -3.46532
      14.31    -2.21136
      14.32    -0.97485
      14.33     0.21327
      14.34     1.32858
      14.35      2.3542
      14.36       3.281
      14.37     4.10718
      14.38     4.83713
      14.39      5.4799
       14.4     6.04714
      14.41     6.55114
      14.42     7.00273
      14.43     7.40965
      14.44     7.77526
      14.45      8.0979
      14.46     8.37078
      14.47     8.58257
      14.48     8.71846
      14.49     8.76169
       14.5     8.69533
      14.51     8.50417
      14.52     8.17652
      14.53     7.70582
      14.54     7.09174
      14.55     6.34091
      14.56     5.46701
      14.57     4.49034
      14.58     3.43694
      14.59     2.33723
       14.6     1.22442
      14.61     0.13271
      14.62    -0.90472
      14.63    -1.85761
      14.64    -2.70054
      14.65    -3.41461
      14.66    -3.98869
      14.67    -4.42016
      14.68    -4.71485
      14.69    -4.88638
       14.7    -4.95467
      14.71    -4.94407
      14.72    -4.88105
      14.73    -4.79185
      14.74    -4.70034
      14.75    -4.62614
      14.76    -4.58329
      14.77    -4.57948
      14.78    -4.61589
      14.79     -4.6875
       14.8    -4.78391
      14.81     -4.8904
      14.82    -4.98917
      14.83     -5.0606
      14.84    -5.08449
      14.85    -5.04124
      14.86      -4.913
      14.87    -4.68472
      14.88     -4.3452
      14.89    -3.88808
       14.9    -3.31258
      14.91     -2.6241
      14.92    -1.83447
      14.93    -0.96177
      14.94    -0.02973
      14.95     0.93336
      14.96     1.89622
      14.97     2.82646
      14.98     3.69265
      14.99     4.46642
        15.     5.12422
      15.01     5.64876
      15.02     6.02974
      15.03     6.26397
      15.04     6.35479
      15.05     6.31097
      15.06     6.14528
      15.07     5.87282
      15.08     5.50947
      15.09     5.07058
       15.1     4.56994
      15.11     4.01925
      15.12     3.42802
      15.13     2.80379
      15.14     2.15268
      15.15     1.47996
      15.16     0.79068
      15.17     0.09017
      15.18    -0.61574
      15.19    -1.32059
       15.2     -2.0174
      15.21    -2.69889
      15.22    -3.35772
      15.23    -3.98676
      15.24    -4.57924
      15.25    -5.12888
      15.26    -5.62983
      15.27    -6.07657
      15.28    -6.46369
      15.29    -6.78557
       15.3    -7.03607
      15.31    -7.20827
      15.32    -7.29426
      15.33    -7.28518
      15.34     -7.1714
      15.35    -6.94316
      15.36     -6.5914
      15.37    -6.10896
      15.38    -5.49193
      15.39    -4.74104
       15.4    -3.86291
      15.41    -2.87096
      15.42    -1.78577
      15.43    -0.63475
      15.44     0.54894
      15.45     1.72818
      15.46     2.86419
      15.47     3.91914
      15.48     4.85871
      15.49     5.65431
       15.5     6.28466
      15.51     6.73671
      15.52     7.00566
      15.53     7.09439
      15.54     7.01233
      15.55     6.77397
      15.56      6.3973
      15.57     5.90228
      15.58     5.30952
      15.59     4.63925
       15.6     3.91059
      15.61     3.14117
      15.62       2.347
      15.63     1.54256
      15.64     0.74109
      15.65    -0.04512
      15.66    -0.80435
      15.67    -1.52514
      15.68    -2.19612
      15.69    -2.80593
       15.7    -3.34344
      15.71    -3.79816
      15.72    -4.16087
      15.73    -4.42433
      15.74    -4.58408
      15.75    -4.63908
      15.76    -4.59219
      15.77    -4.45029
      15.78    -4.22412
      15.79    -3.92768
       15.8     -3.5774
      15.81    -3.19108
      15.82    -2.78665
      15.83    -2.38093
      15.84     -1.9885
      15.85     -1.6207
      15.86    -1.28495
      15.87    -0.98446
      15.88    -0.71819
      15.89    -0.48133
       15.9      -0.266
      15.91    -0.06235
      15.92     0.14034
      15.93     0.35238
      15.94      0.5826
      15.95     0.83747
      15.96     1.12045
      15.97     1.43168
      15.98     1.76793
      15.99     2.12282
        16.     2.48729
      16.01     2.85031
      16.02     3.19969
      16.03     3.52314
      16.04     3.80925
      16.05     4.04849
      16.06     4.23398
      16.07     4.36199
      16.08     4.43208
      16.09     4.44686
       16.1     4.41127
      16.11     4.33172
      16.12     4.21486
      16.13     4.06651
      16.14     3.89059
      16.15      3.6885
      16.16     3.45896
      16.17     3.19842
      16.18     2.90205
      16.19      2.5651
       16.2     2.18447
      16.21     1.76021
      16.22     1.29672
      16.23     0.80331
      16.24     0.29417
      16.25    -0.21256
      16.26    -0.69632
      16.27    -1.13615
      16.28    -1.51307
      16.29     -1.8122
       16.3    -2.02458
      16.31    -2.14819
      16.32    -2.18815
      16.33    -2.15597
      16.34      -2.068
      16.35    -1.94334
      16.36    -1.80143
      16.37    -1.65979
      16.38    -1.53222
      16.39    -1.42766
       16.4    -1.34989
      16.41    -1.29807
      16.42    -1.26798
      16.43    -1.25364
      16.44    -1.24914
      16.45    -1.25017
      16.46    -1.25517
      16.47    -1.26574
      16.48    -1.28628
      16.49    -1.32304
       16.5    -1.38257
      16.51    -1.47002
      16.52    -1.58743
      16.53     -1.7325
      16.54    -1.89786
      16.55    -2.07122
      16.56    -2.23613
      16.57    -2.37357
      16.58    -2.46388
      16.59    -2.48893
       16.6    -2.43423
      16.61    -2.29065
      16.62    -2.05558
      16.63    -1.73342
      16.64    -1.33522
      16.65    -0.87768
      16.66    -0.38147
      16.67     0.13073
      16.68     0.63636
      16.69     1.11498
       16.7      1.5499
      16.71      1.9292
      16.72     2.24622
      16.73     2.49934
      16.74     2.69128
      16.75     2.82801
      16.76     2.91743
      16.77     2.96808
      16.78     2.98788
      16.79     2.98325
       16.8     2.95844
      16.81     2.91531
      16.82     2.85338
      16.83     2.77031
      16.84     2.66251
      16.85     2.52598
      16.86     2.35704
      16.87     2.15304
      16.88     1.91286
      16.89     1.63712
       16.9     1.32833
      16.91      0.9907
      16.92     0.62995
      16.93     0.25297
      16.94     -0.1325
      16.95    -0.51824
      16.96    -0.89593
      16.97    -1.25749
      16.98    -1.59536
      16.99     -1.9028
        17.    -2.17406
      17.01    -2.40452
      17.02    -2.59065
      17.03    -2.72997
      17.04    -2.82091
      17.05    -2.86259
      17.06    -2.85479
      17.07     -2.7979
      17.08    -2.69304
      17.09    -2.54225
       17.1    -2.34876
      17.11    -2.11706
      17.12    -1.85299
      17.13    -1.56349
      17.14    -1.25615
      17.15    -0.93871
      17.16    -0.61832
      17.17    -0.30097
      17.18      0.0089
      17.19     0.30866
       17.2     0.59737
      17.21     0.87545
      17.22     1.14415
      17.23     1.40491
      17.24     1.65864
      17.25      1.9051
      17.26     2.14235
      17.27     2.36637
      17.28     2.57086
      17.29     2.74728
       17.3     2.88515
      17.31     2.97253
      17.32     2.99691
      17.33     2.94617
      17.34     2.80973
      17.35     2.57981
      17.36     2.25246
      17.37     1.82839
      17.38     1.31344
      17.39     0.71854
       17.4     0.05923
      17.41    -0.64522
      17.42    -1.37305
      17.43    -2.10141
      17.44    -2.80784
      17.45    -3.47152
      17.46     -4.0744
      17.47    -4.60191
      17.48    -5.04326
      17.49    -5.39143
       17.5    -5.64279
      17.51    -5.79642
      17.52    -5.85343
      17.53    -5.81626
      17.54     -5.6881
      17.55    -5.47265
      17.56    -5.17403
      17.57      -4.797
      17.58     -4.3473
      17.59    -3.83199
       17.6    -3.25985
      17.61    -2.64152
      17.62    -1.98953
      17.63    -1.31808
      17.64    -0.64259
      17.65     0.02096
      17.66     0.65673
      17.67      1.2499
      17.68     1.78749
      17.69     2.25913
       17.7     2.65771
      17.71     2.97979
      17.72     3.22586
      17.73     3.40024
      17.74     3.51069
      17.75     3.56771
      17.76     3.58366
      17.77     3.57163
      17.78     3.54432
      17.79     3.51294
       17.8     3.48617
      17.81     3.46937
      17.82     3.46395
      17.83      3.4671
      17.84     3.47169
      17.85     3.46661
      17.86     3.43736
      17.87     3.36702
      17.88     3.23758
      17.89     3.03141
       17.9     2.73298
      17.91     2.33058
      17.92     1.81788
      17.93     1.19529
      17.94     0.47081
      17.95    -0.33958
      17.96    -1.21225
      17.97    -2.11688
      17.98    -3.01806
      17.99    -3.87746
        18.    -4.65633
      18.01     -5.3182
      18.02    -5.83151
      18.03    -6.17187
      18.04    -6.32377
      18.05    -6.28167
      18.06    -6.05015
      18.07    -5.64332
      18.08    -5.08349
      18.09    -4.39925
       18.1    -3.62323
      18.11    -2.78962
      18.12    -1.93195
      18.13    -1.08098
      18.14    -0.26314
      18.15      0.5006
      18.16     1.19524
      18.17     1.81185
      18.18     2.34714
      18.19     2.80276
       18.2     3.18433
      18.21     3.50042
      18.22     3.76147
      18.23     3.97882
      18.24     4.16389
      18.25     4.32741
      18.26     4.47888
      18.27     4.62612
      18.28     4.77486
      18.29     4.92835
       18.3     5.08701
      18.31       5.248
      18.32     5.40487
      18.33     5.54738
      18.34     5.66153
      18.35     5.73006
      18.36     5.73333
      18.37     5.65073
      18.38      5.4624
      18.39     5.15121
       18.4     4.70479
      18.41     4.11733
      18.42     3.39099
      18.43     2.53685
      18.44       1.575
      18.45     0.53401
      18.46    -0.55048
      18.47    -1.63773
      18.48    -2.68449
      18.49    -3.64783
       18.5    -4.48804
      18.51    -5.17136
      18.52    -5.67218
      18.53    -5.97466
      18.54    -6.07358
      18.55    -5.97431
      18.56    -5.69201
      18.57    -5.25018
      18.58    -4.67865
      18.59    -4.01126
       18.6    -3.28345
      18.61    -2.52998
      18.62    -1.78281
      18.63     -1.0695
      18.64    -0.41196
      18.65     0.17414
      18.66     0.67962
      18.67     1.10141
      18.68     1.44185
      18.69     1.70767
       18.7     1.90875
      18.71     2.05678
      18.72     2.16406
      18.73     2.24236
      18.74     2.30207
      18.75     2.35162
      18.76     2.39725
      18.77     2.44299
      18.78     2.49089
      18.79     2.54136
       18.8     2.59355
      18.81     2.64565
      18.82     2.69509
      18.83     2.73862
      18.84     2.77223
      18.85     2.79102
      18.86     2.78904
      18.87     2.75918
      18.88     2.69324
      18.89      2.5823
       18.9     2.41727
      18.91     2.18984
      18.92     1.89354
      18.93     1.52492
      18.94      1.0847
      18.95      0.5786
      18.96      0.0178
      18.97    -0.58116
      18.98    -1.19693
      18.99    -1.80462
        19.    -2.37731
      19.01    -2.88809
      19.02      -3.312
      19.03    -3.62805
      19.04    -3.82085
      19.05    -3.88185
      19.06    -3.80999
      19.07    -3.61183
      19.08    -3.30101
      19.09    -2.89725
       19.1    -2.42491
      19.11    -1.91133
      19.12    -1.38488
      19.13     -0.8731
      19.14    -0.40096
      19.15     0.01069
      19.16     0.34622
      19.17     0.59598
      19.18     0.75646
      19.19     0.83011
       19.2     0.82465
      19.21     0.75202
      19.22     0.62714
      19.23     0.46653
      19.24     0.28687
      19.25     0.10371
      19.26    -0.06964
      19.27    -0.22295
      19.28    -0.34963
      19.29    -0.44688
       19.3    -0.51557
      19.31     -0.5598
      19.32    -0.58621
      19.33    -0.60315
      19.34     -0.6197
      19.35    -0.64471
      19.36    -0.68583
      19.37    -0.74875
      19.38    -0.83653
      19.39    -0.94924
       19.4    -1.08387
      19.41    -1.23458
      19.42    -1.39321
      19.43     -1.5501
      19.44    -1.69495
      19.45    -1.81789
      19.46    -1.91032
      19.47    -1.96573
      19.48     -1.9802
      19.49    -1.95268
       19.5    -1.88497
      19.51    -1.78146
      19.52    -1.64873
      19.53    -1.49502
      19.54    -1.32957
      19.55    -1.16212
      19.56    -1.00227
      19.57    -0.85895
      19.58    -0.73995
      19.59    -0.65135
       19.6    -0.59716
      19.61    -0.57881
      19.62    -0.59494
      19.63    -0.64117
      19.64    -0.71016
      19.65    -0.79182
      19.66    -0.87381
      19.67    -0.94228
      19.68    -0.98282
      19.69    -0.98162
       19.7    -0.92665
      19.71     -0.8088
      19.72    -0.62288
      19.73     -0.3683
      19.74    -0.04942
      19.75     0.32451
      19.76     0.73977
      19.77     1.17901
      19.78      1.6223
      19.79     2.04852
       19.8     2.43676
      19.81     2.76775
      19.82     3.02515
      19.83     3.19662
      19.84     3.27453
      19.85     3.25629
      19.86     3.14438
      19.87     2.94595
      19.88     2.67209
      19.89     2.33693
       19.9     1.95648
      19.91      1.5475
      19.92      1.1263
      19.93     0.70771
      19.94     0.30417
      19.95    -0.07487
      19.96    -0.42328
      19.97     -0.7383
      19.98    -1.02025
      19.99    -1.27197
        20.    -1.49808
