         0.          0.
       0.01   1.446E-05
       0.02   1.741E-04
       0.03   7.650E-04
       0.04     0.00218
       0.05     0.00482
       0.06     0.00908
       0.07     0.01521
       0.08      0.0233
       0.09     0.03325
        0.1     0.04476
       0.11     0.05739
       0.12     0.07058
       0.13     0.08373
       0.14     0.09627
       0.15     0.10772
       0.16     0.11772
       0.17     0.12606
       0.18     0.13271
       0.19     0.13777
        0.2     0.14147
       0.21     0.14409
       0.22     0.14591
       0.23     0.14715
       0.24     0.14792
       0.25     0.14823
       0.26       0.148
       0.27     0.14703
       0.28     0.14507
       0.29     0.14182
        0.3     0.13701
       0.31     0.13045
       0.32     0.12207
       0.33     0.11197
       0.34     0.10039
       0.35     0.08759
       0.36     0.07387
       0.37     0.05947
       0.38     0.04464
       0.39     0.02959
        0.4     0.01461
       0.41   1.658E-05
       0.42     -0.0139
       0.43    -0.02687
       0.44    -0.03863
       0.45    -0.04888
       0.46     -0.0573
       0.47    -0.06361
       0.48    -0.06764
       0.49    -0.06929
        0.5    -0.06847
       0.51    -0.06514
       0.52    -0.05926
       0.53    -0.05099
       0.54    -0.04086
       0.55    -0.02991
       0.56    -0.01953
       0.57    -0.01104
       0.58    -0.00539
       0.59    -0.00294
        0.6    -0.00345
       0.61    -0.00628
       0.62    -0.01053
       0.63    -0.01532
       0.64    -0.01971
       0.65    -0.02259
       0.66    -0.02271
       0.67    -0.01882
       0.68    -0.00999
       0.69     0.00426
        0.7     0.02414
       0.71     0.04977
       0.72      0.0813
       0.73     0.11867
       0.74      0.1611
       0.75     0.20658
       0.76     0.25177
       0.77     0.29216
       0.78     0.32288
       0.79     0.33973
        0.8     0.34017
       0.81     0.32367
       0.82     0.29172
       0.83     0.24761
       0.84     0.19603
       0.85     0.14215
       0.86     0.09038
       0.87     0.04352
       0.88      0.0024
       0.89     -0.0337
        0.9    -0.06605
       0.91    -0.09539
       0.92     -0.1213
       0.93    -0.14238
       0.94    -0.15707
       0.95    -0.16461
       0.96    -0.16544
       0.97    -0.16105
       0.98    -0.15323
       0.99    -0.14355
         1.    -0.13328
       1.01    -0.12362
       1.02    -0.11557
       1.03    -0.10964
       1.04    -0.10527
       1.05     -0.1006
       1.06     -0.0929
       1.07    -0.07973
       1.08    -0.05989
       1.09    -0.03371
        1.1     -0.0028
       1.11     0.03013
       1.12      0.0615
       1.13     0.08705
       1.14     0.10218
       1.15     0.10258
       1.16     0.08485
       1.17      0.0467
       1.18    -0.01276
       1.19    -0.09246
        1.2    -0.18882
       1.21     -0.2955
       1.22    -0.40366
       1.23    -0.50288
       1.24    -0.58334
       1.25    -0.63879
       1.26    -0.66835
       1.27    -0.67611
       1.28    -0.66948
       1.29    -0.65739
        1.3    -0.64895
       1.31    -0.65233
       1.32    -0.67352
       1.33    -0.71491
       1.34    -0.77446
       1.35    -0.84608
       1.36    -0.92119
       1.37    -0.99013
       1.38    -1.04263
       1.39    -1.06782
        1.4    -1.05498
       1.41    -0.99553
       1.42    -0.88502
       1.43    -0.72431
       1.44     -0.5202
       1.45    -0.28544
       1.46    -0.03809
       1.47     0.19985
       1.48     0.40509
       1.49     0.55643
        1.5     0.63804
       1.51     0.64201
       1.52     0.56993
       1.53     0.43333
       1.54     0.25195
       1.55     0.05045
       1.56     -0.1457
       1.57    -0.31408
       1.58    -0.43837
       1.59     -0.5106
        1.6    -0.53183
       1.61      -0.511
       1.62    -0.46237
       1.63    -0.40226
       1.64    -0.34543
       1.65    -0.30204
       1.66    -0.27614
       1.67    -0.26575
       1.68    -0.26429
       1.69    -0.26287
        1.7    -0.25314
       1.71    -0.23011
       1.72    -0.19434
       1.73    -0.15278
       1.74    -0.11824
       1.75    -0.10725
       1.76    -0.13668
       1.77       -0.22
       1.78    -0.36409
       1.79    -0.56743
        1.8    -0.82071
       1.81      -1.109
       1.82    -1.41386
       1.83    -1.71398
       1.84    -1.98527
       1.85    -2.20223
       1.86     -2.3407
       1.87    -2.38118
       1.88    -2.31187
       1.89    -2.13145
        1.9    -1.85118
       1.91    -1.49523
       1.92    -1.09812
       1.93    -0.69964
       1.94      -0.339
       1.95    -0.05027
       1.96     0.14067
       1.97     0.21853
       1.98     0.18063
       1.99     0.03874
         2.    -0.17982
       2.01    -0.43286
       2.02    -0.66799
       2.03    -0.83042
       2.04     -0.8714
       2.05    -0.75456
       2.06    -0.46047
       2.07     0.00948
       2.08     0.62977
       2.09     1.35041
        2.1      2.1015
       2.11     2.80197
       2.12       3.371
       2.13     3.74049
       2.14     3.86519
       2.15     3.72811
       2.16     3.34177
       2.17     2.74674
       2.18     2.00784
       2.19     1.20667
        2.2     0.43091
       2.21    -0.23722
       2.22    -0.73208
       2.23     -1.0143
       2.24    -1.07723
       2.25    -0.94743
       2.26    -0.67943
       2.27    -0.34674
       2.28    -0.03108
       2.29     0.18908
        2.3     0.24957
       2.31     0.10994
       2.32     -0.2397
       2.33     -0.7754
       2.34    -1.44082
       2.35    -2.15427
       2.36    -2.81991
       2.37    -3.34076
       2.38    -3.63211
       2.39    -3.63401
        2.4    -3.32054
       2.41    -2.70428
       2.42    -1.83578
       2.43    -0.79807
       2.44      0.3047
       2.45     1.36373
       2.46     2.28358
       2.47     2.99662
       2.48     3.47172
       2.49     3.71619
        2.5     3.77112
       2.51     3.70102
       2.52     3.57986
       2.53     3.47707
       2.54     3.44653
       2.55     3.52009
       2.56     3.70527
       2.57       3.986
       2.58     4.32605
       2.59     4.67498
        2.6     4.97631
       2.61     5.17649
       2.62     5.23297
       2.63     5.11963
       2.64     4.82876
       2.65        4.37
       2.66      3.7675
       2.67     3.05575
       2.68     2.27547
       2.69      1.4716
        2.7     0.69269
       2.71    -0.01155
       2.72     -0.5954
       2.73    -1.02248
       2.74    -1.26868
       2.75    -1.32223
       2.76    -1.18186
       2.77     -0.8548
       2.78    -0.35491
       2.79     0.29923
        2.8     1.08633
       2.81     1.98331
       2.82     2.96538
       2.83     4.00605
       2.84     5.07812
       2.85     6.15551
       2.86       7.215
       2.87     8.23732
       2.88     9.20754
       2.89    10.11482
        2.9     10.9515
       2.91    11.71171
       2.92    12.38989
       2.93    12.97964
       2.94    13.47302
       2.95    13.86003
       2.96    14.12718
       2.97    14.25443
       2.98    14.21155
       2.99    13.95711
         3.    13.44307
       3.01    12.62357
       3.02    11.46544
       3.03     9.95823
       3.04       8.121
       3.05     6.00365
       3.06     3.68288
       3.07     1.25368
       3.08    -1.18207
       3.09    -3.52813
        3.1    -5.70563
       3.11    -7.66154
       3.12    -9.37248
       3.13   -10.84266
       3.14    -12.0944
       3.15   -13.15177
       3.16   -14.02423
       3.17   -14.69741
       3.18   -15.13267
       3.19   -15.27333
        3.2   -15.05448
       3.21   -14.41472
       3.22   -13.30763
       3.23   -11.71109
       3.24      -9.633
       3.25    -7.11303
       3.26    -4.22041
       3.27    -1.04875
       3.28      2.2908
       3.29     5.67603
        3.3     8.98034
       3.31    12.08142
       3.32    14.87139
       3.33     17.2663
       3.34    19.21298
       3.35     20.6922
       3.36    21.71747
       3.37    22.32929
       3.38     22.5861
       3.39    22.55314
        3.4    22.29006
       3.41    21.83862
       3.42    21.21223
       3.43    20.38989
       3.44    19.31577
       3.45    17.90461
       3.46    16.05365
       3.47    13.66139
       3.48    10.65286
       3.49      7.0094
        3.5     2.79311
       3.51    -1.84858
       3.52    -6.69803
       3.53   -11.49526
       3.54   -15.97458
       3.55   -19.90594
       3.56   -23.13266
       3.57   -25.59376
       3.58   -27.32671
       3.59    -28.4535
        3.6   -29.15443
       3.61   -29.63476
       3.62   -30.08934
       3.63   -30.67094
       3.64   -31.46695
       3.65   -32.48824
       3.66    -33.6716
       3.67    -34.8938
       3.68   -35.99402
       3.69   -36.80039
        3.7     -37.157
       3.71   -36.94746
       3.72   -36.10975
       3.73   -34.63753
       3.74   -32.56762
       3.75   -29.96439
       3.76   -26.90937
       3.77   -23.49511
       3.78   -19.82224
       3.79    -15.9987
        3.8    -12.1371
       3.81     -8.3482
       3.82    -4.73203
       3.83    -1.36822
       3.84     1.69287
       3.85     4.43616
       3.86     6.88326
       3.87     9.08951
       3.88    11.13714
       3.89    13.12362
        3.9    15.14481
       3.91    17.27507
       3.92    19.54759
       3.93    21.93717
       3.94    24.34842
       3.95    26.61383
       3.96    28.50734
       3.97    29.77343
       3.98    30.16474
       3.99    29.48079
         4.    27.60144
       4.01    24.51035
       4.02    20.30467
       4.03    15.18776
       4.04     9.44712
       4.05     3.42315
       4.06    -2.52685
       4.07    -8.06724
       4.08     -12.922
       4.09   -16.90753
        4.1   -19.95528
       4.11   -22.11884
       4.12   -23.56354
       4.13   -24.53963
       4.14    -25.3416
       4.15   -26.25941
       4.16   -27.52989
       4.17   -29.29645
       4.18   -31.58234
       4.19   -34.28086
        4.2   -37.16386
       4.21   -39.90862
       4.22    -42.1401
       4.23   -43.48273
       4.24   -43.61353
       4.25   -42.30856
       4.26   -39.47565
       4.27   -35.16893
       4.28   -29.58448
       4.29   -23.03816
        4.3   -15.92711
       4.31    -8.67935
       4.32    -1.69949
       4.33     4.68094
       4.34    10.24213
       4.35    14.89786
       4.36     18.6961
       4.37    21.79887
       4.38    24.44538
       4.39    26.90455
        4.4    29.42493
       4.41    32.19011
       4.42    35.28649
       4.43    38.68909
       4.44    42.26817
       4.45    45.81303
       4.46    49.06584
       4.47    51.75922
       4.48    53.65315
       4.49    54.56667
        4.5     54.4004
       4.51    53.14756
       4.52    50.89231
       4.53    47.79631
       4.54    44.07599
       4.55    39.97365
       4.56    35.72681
       4.57    31.53974
       4.58    27.56144
       4.59    23.87199
        4.6     20.4773
       4.61    17.31086
       4.62    14.24458
       4.63     11.1118
       4.64     7.73973
       4.65     3.98371
       4.66    -0.24341
       4.67    -4.95152
       4.68   -10.06615
       4.69   -15.43448
        4.7   -20.84276
       4.71   -26.04217
       4.72   -30.77835
       4.73   -34.81975
       4.74   -37.98037
       4.75   -40.13518
       4.76   -41.22796
       4.77   -41.27249
       4.78   -40.34734
       4.79   -38.58575
        4.8   -36.16239
       4.81   -33.27694
       4.82   -30.13566
       4.83   -26.93274
       4.84   -23.83246
       4.85   -20.95301
       4.86   -18.35496
       4.87   -16.03723
       4.88   -13.94233
       4.89   -11.97036
        4.9    -9.99944
       4.91    -7.90979
       4.92    -5.60749
       4.93    -3.04361
       4.94    -0.22446
       4.95     2.78993
       4.96     5.90008
       4.97     8.98856
       4.98    11.94215
       4.99    14.66836
         5.    17.10455
       5.01    19.22093
       5.02    21.01776
       5.03    22.51762
       5.04    23.75568
       5.05     24.7702
       5.06    25.59408
       5.07    26.24749
       5.08    26.73237
       5.09    27.03083
        5.1    27.10924
       5.11    26.92673
       5.12    26.44527
       5.13    25.63888
       5.14     24.5008
       5.15    23.04793
       5.16    21.32168
       5.17    19.38464
       5.18    17.31399
       5.19    15.19273
        5.2    13.09975
       5.21    11.09985
       5.22     9.23485
       5.23     7.51781
       5.24     5.93153
       5.25      4.4323
       5.26     2.95859
       5.27     1.44387
       5.28    -0.16907
       5.29    -1.91541
        5.3    -3.80025
       5.31    -5.79717
       5.32    -7.85223
       5.33    -9.89112
       5.34   -11.82842
       5.35    -13.5785
       5.36   -15.06684
       5.37   -16.23967
       5.38    -17.0705
       5.39     -17.564
        5.4   -17.75711
       5.41   -17.71702
       5.42   -17.53537
       5.43   -17.31856
       5.44   -17.17466
       5.45   -17.19778
       5.46     -17.452
       5.47   -17.95648
       5.48   -18.67465
       5.49   -19.51288
        5.5   -20.33007
       5.51   -20.95614
       5.52   -21.21669
       5.53   -20.95933
       5.54   -20.07625
       5.55   -18.51895
       5.56   -16.30458
       5.57    -13.5158
       5.58   -10.29587
       5.59    -6.83651
        5.6    -3.35506
       5.61    -0.06545
       5.62     2.85047
       5.63     5.26668
       5.64      7.1281
       5.65     8.45513
       5.66      9.3359
       5.67     9.90653
       5.68    10.32343
       5.69    10.73403
        5.7     11.2522
       5.71    11.94212
       5.72    12.81241
       5.73    13.81999
       5.74    14.88087
       5.75    15.88482
       5.76    16.71062
       5.77    17.23886
       5.78    17.36278
       5.79    16.99851
        5.8    16.09511
       5.81    14.64388
       5.82     12.6827
       5.83    10.29226
       5.84     7.58402
       5.85     4.68289
       5.86       1.709
       5.87    -1.23779
       5.88    -4.08786
       5.89    -6.80473
        5.9    -9.38152
       5.91   -11.83267
       5.92   -14.18369
       5.93   -16.46134
       5.94   -18.68469
       5.95   -20.85766
       5.96   -22.96305
       5.97   -24.95788
       5.98    -26.7719
       5.99   -28.31066
         6.   -29.46312
       6.01   -30.11287
       6.02   -30.15252
       6.03   -29.49981
       6.04   -28.11204
       6.05   -25.99512
       6.06   -23.20587
       6.07   -19.84818
       6.08    -16.0643
       6.09   -12.02065
        6.1    -7.88859
       6.11    -3.82423
       6.12     0.04762
       6.13     3.64138
       6.14     6.91054
       6.15     9.84347
       6.16    12.45813
       6.17      14.797
       6.18    16.92133
       6.19    18.90329
        6.2    20.81629
       6.21    22.72397
       6.22    24.66971
       6.23     26.6684
       6.24    28.70216
       6.25    30.72137
       6.26    32.65072
       6.27    34.39874
       6.28    35.86841
       6.29    36.96558
        6.3    37.60383
       6.31    37.70931
       6.32    37.22859
       6.33    36.13657
       6.34    34.44115
       6.35    32.18242
       6.36    29.42499
       6.37    26.24672
       6.38    22.72997
       6.39    18.95568
        6.4    14.99862
       6.41    10.92386
       6.42     6.78468
       6.43     2.62202
       6.44    -1.53496
       6.45    -5.66763
       6.46    -9.76524
       6.47   -13.82067
       6.48   -17.82568
       6.49   -21.76438
        6.5   -25.60382
       6.51   -29.28546
       6.52   -32.72396
       6.53   -35.81517
       6.54   -38.45042
       6.55   -40.53362
       6.56    -41.9971
       6.57   -42.81233
       6.58   -42.99518
       6.59     -42.605
        6.6   -41.73611
       6.61   -40.50212
       6.62   -39.01712
       6.63   -37.37872
       6.64   -35.65636
       6.65   -33.88533
       6.66   -32.06585
       6.67   -30.16594
       6.68   -28.12645
       6.69   -25.86818
        6.7   -23.30196
       6.71   -20.34082
       6.72   -16.91363
       6.73   -12.98006
       6.74    -8.54392
       6.75    -3.66167
       6.76     1.55646
       6.77     6.95299
       6.78    12.33486
       6.79    17.48839
        6.8    22.19784
       6.81    26.26659
       6.82    29.53686
       6.83    31.90541
       6.84    33.33449
       6.85    33.85765
       6.86    33.57833
       6.87     32.6592
       6.88    31.30362
       6.89    29.73132
        6.9    28.15093
       6.91    26.73402
       6.92    25.59508
       6.93    24.77991
       6.94    24.26349
       6.95    23.95761
       6.96    23.72745
       6.97    23.41406
       6.98    22.85754
       6.99      21.917
         7.    20.48801
       7.01    18.51833
       7.02     16.0186
       7.03     13.0659
       7.04     9.79954
       7.05     6.40748
       7.06     3.10362
       7.07     0.09935
       7.08     -2.4263
       7.09    -4.35414
        7.1    -5.64513
       7.11    -6.34791
       7.12    -6.59074
       7.13    -6.55862
       7.14    -6.46102
       7.15    -6.49691
       7.16    -6.82353
       7.17    -7.53387
       7.18    -8.64599
       7.19   -10.10607
        7.2   -11.80388
       7.21   -13.59608
       7.22   -15.33209
       7.23   -16.87808
       7.24   -18.13451
       7.25   -19.04139
       7.26   -19.56898
       7.27   -19.70247
       7.28   -19.42885
       7.29   -18.73312
        7.3   -17.60368
       7.31   -16.04129
       7.32   -14.06495
       7.33    -11.7114
       7.34    -9.02987
       7.35    -6.07497
       7.36    -2.90076
       7.37     0.44297
       7.38     3.91191
       7.39     7.46628
        7.4    11.06844
       7.41    14.68072
       7.42    18.26444
       7.43    21.77987
       7.44    25.18624
       7.45    28.44084
       7.46    31.49579
       7.47    34.29442
       7.48    36.76995
       7.49    38.84687
        7.5    40.44544
       7.51    41.48975
       7.52    41.91644
       7.53    41.68106
       7.54     40.7618
       7.55    39.16195
       7.56    36.91108
       7.57    34.06466
       7.58    30.70132
       7.59    26.91796
        7.6    22.82269
       7.61    18.52612
       7.62    14.13199
       7.63     9.72793
       7.64     5.37775
       7.65     1.11817
       7.66    -3.03877
       7.67    -7.09913
       7.68   -11.07881
       7.69   -14.99555
        7.7    -18.8626
       7.71    -22.6843
       7.72   -26.45417
       7.73   -30.15499
       7.74    -33.7601
       7.75   -37.23437
       7.76   -40.53396
       7.77   -43.60468
       7.78    -46.3783
       7.79   -48.76948
        7.8   -50.67612
       7.81   -51.98339
       7.82    -52.5711
       7.83   -52.32438
       7.84   -51.14755
       7.85    -48.9794
       7.86   -45.80672
       7.87   -41.67391
       7.88   -36.68741
       7.89   -31.01307
        7.9   -24.86433
       7.91   -18.48243
       7.92   -12.11175
       7.93     -5.9734
       7.94    -0.24151
       7.95     4.97255
       7.96      9.6242
       7.97    13.72789
       7.98    17.33995
       7.99    20.53688
         8.     23.3938
       8.01    25.96704
       8.02    28.28453
       8.03    30.34486
       8.04    32.12245
       8.05    33.57617
       8.06    34.65841
       8.07    35.32237
       8.08    35.52678
       8.09    35.23859
        8.1    34.43533
       8.11    33.10753
       8.12    31.26076
       8.13     28.9165
       8.14    26.11082
       8.15    22.89076
       8.16    19.30916
       8.17    15.41983
       8.18      11.276
       8.19      6.9336
        8.2     2.45652
       8.21    -2.08117
       8.22    -6.59744
       8.23   -11.00719
       8.24   -15.22825
       8.25   -19.18737
       8.26    -22.8251
       8.27   -26.09832
       8.28   -28.97953
       8.29   -31.45388
        8.3   -33.51544
       8.31   -35.16429
       8.32   -36.40454
       8.33   -37.24293
       8.34   -37.68774
       8.35   -37.74853
       8.36   -37.43711
       8.37   -36.77009
       8.38   -35.77274
       8.39   -34.48258
        8.4   -32.95122
       8.41   -31.24345
       8.42   -29.43277
       8.43   -27.59417
       8.44    -25.7952
       8.45   -24.08685
       8.46   -22.49627
       8.47   -21.02376
       8.48   -19.64572
       8.49   -18.32268
        8.5   -17.01012
       8.51   -15.66854
       8.52   -14.26942
       8.53   -12.79625
       8.54   -11.24165
       8.55    -9.59933
       8.56    -7.85215
       8.57    -5.96312
       8.58    -3.87432
       8.59    -1.51413
        8.6     1.18913
       8.61       4.292
       8.62     7.82346
       8.63    11.77732
       8.64    16.10955
       8.65    20.74157
       8.66     25.5684
       8.67    30.46907
       8.68    35.31754
       8.69    39.99279
        8.7     44.3862
       8.71    48.40589
       8.72    51.97937
       8.73    55.05378
       8.74    57.59274
       8.75    59.57062
       8.76    60.96662
       8.77    61.75962
       8.78    61.92446
       8.79     61.4303
        8.8     60.2415
       8.81    58.32133
       8.82    55.63794
       8.83    52.17163
       8.84    47.92284
       8.85    42.91963
       8.86      37.223
       8.87    30.92805
       8.88    24.16037
       8.89    17.06846
        8.9     9.81354
       8.91     2.55786
       8.92    -4.54694
       8.93   -11.36978
       8.94   -17.80689
       8.95   -23.78528
       8.96   -29.26282
       8.97   -34.22419
       8.98   -38.67217
       8.99   -42.61585
         9.    -46.0586
       9.01   -48.98869
       9.02   -51.37457
       9.03   -53.16581
       9.04   -54.29937
       9.05   -54.70977
       9.06   -54.34107
       9.07   -53.15886
       9.08   -51.16071
       9.09   -48.38339
        9.1   -44.90534
       9.11   -40.84354
       9.12   -36.34411
       9.13   -31.56692
       9.14   -26.66579
       9.15   -21.76736
       9.16   -16.95444
       9.17   -12.26019
       9.18    -7.67355
       9.19    -3.15252
        9.2     1.35716
       9.21     5.90049
       9.22    10.49386
       9.23    15.11415
       9.24     19.6996
       9.25    24.15956
       9.26    28.38838
       9.27    32.27941
       9.28    35.73583
       9.29    38.67808
        9.3    41.04871
       9.31    42.81541
       9.32      43.973
       9.33    44.54419
       9.34    44.57708
       9.35    44.13816
       9.36     43.3023
       9.37    42.14147
       9.38    40.71426
       9.39    39.05748
        9.4    37.18112
       9.41     35.0679
       9.42    32.67872
       9.43    29.96406
       9.44    26.87942
       9.45    23.40173
       9.46    19.54209
       9.47    15.35155
       9.48    10.91866
       9.49      6.3592
        9.5     1.80035
       9.51    -2.63689
       9.52    -6.85372
       9.53   -10.78589
       9.54    -14.4105
       9.55   -17.74626
       9.56   -20.84734
       9.57   -23.79113
       9.58    -26.6614
       9.59   -29.53023
        9.6   -32.44201
       9.61   -35.40203
       9.62   -38.37143
       9.63   -41.26896
       9.64    -43.9785
       9.65   -46.36098
       9.66    -48.2692
       9.67   -49.56382
       9.68   -50.12879
       9.69   -49.88451
        9.7   -48.79667
       9.71   -46.87864
       9.72   -44.18759
       9.73   -40.81644
       9.74    -36.8842
       9.75   -32.52604
       9.76   -27.88279
       9.77   -23.08892
       9.78   -18.25923
       9.79   -13.47682
        9.8    -8.78536
       9.81    -4.18774
       9.82     0.34885
       9.83     4.88178
       9.84     9.47724
       9.85    14.19297
       9.86    19.06183
       9.87    24.07862
       9.88    29.19235
       9.89    34.30569
        9.9    39.28237
       9.91    43.96156
       9.92    48.17632
       9.93    51.77287
       9.94    54.62816
       9.95    56.66324
       9.96     57.8485
       9.97    58.19822
       9.98    57.75832
       9.99    56.59227
        10.    54.76714
      10.01    52.34213
      10.02    49.36167
      10.03    45.85338
      10.04    41.83042
      10.05    37.29691
      10.06    32.25392
      10.07    26.70438
      10.08    20.65745
      10.09    14.13339
       10.1     7.16979
      10.11    -0.17159
      10.12    -7.79854
      10.13   -15.58485
      10.14   -23.37232
      10.15   -30.97953
      10.16   -38.21586
      10.17   -44.89782
      10.18   -50.86448
      10.19   -55.98839
       10.2    -60.1794
      10.21   -63.38143
      10.22   -65.56499
      10.23   -66.71799
      10.24   -66.83623
      10.25    -65.9164
      10.26   -63.95392
      10.27   -60.94554
      10.28   -56.89595
      10.29   -51.82696
       10.3   -45.78745
      10.31   -38.86139
      10.32   -31.17136
      10.33    -22.8759
      10.34   -14.16148
      10.35    -5.23083
      10.36     3.70945
      10.37    12.45946
      10.38    20.83325
      10.39    28.66339
       10.4    35.80308
      10.41    42.12684
      10.42    47.53143
      10.43    51.93706
      10.44    55.28884
      10.45     57.5576
      10.46    58.73966
      10.47    58.85476
      10.48     57.9423
      10.49    56.05641
       10.5    53.26109
      10.51     49.6265
      10.52    45.22714
      10.53    40.14157
      10.54     34.4526
      10.55    28.24701
      10.56    21.61528
      10.57    14.65201
      10.58     7.45663
      10.59     0.13425
       10.6    -7.20293
      10.61   -14.43344
      10.62   -21.42488
      10.63   -28.03573
      10.64   -34.12159
      10.65   -39.54412
      10.66   -44.18169
      10.67   -47.94047
      10.68   -50.76452
      10.69   -52.64245
       10.7   -53.60756
      10.71   -53.73042
      10.72   -53.10496
      10.73   -51.83042
      10.74   -49.99312
      10.75   -47.65339
      10.76   -44.84029
      10.77    -41.5545
      10.78   -37.77875
      10.79   -33.49374
       10.8   -28.69489
      10.81   -23.40525
      10.82   -17.68207
      10.83   -11.61682
      10.84    -5.32933
      10.85     1.04163
      10.86     7.34888
      10.87    13.44765
      10.88    19.20551
      10.89    24.51067
       10.9    29.27811
      10.91    33.45341
      10.92     37.0133
      10.93    39.96333
      10.94    42.33316
      10.95    44.17004
      10.96    45.53089
      10.97     46.4733
      10.98    47.04613
      10.99    47.28118
        11.    47.18735
      11.01    46.74845
      11.02    45.92528
      11.03     44.6621
      11.04     42.8964
      11.05    40.57053
      11.06    37.64344
      11.07    34.10079
      11.08    29.96188
      11.09     25.2817
       11.1    20.14867
      11.11    14.67896
      11.12     9.00793
      11.13     3.27929
      11.14    -2.36695
      11.15    -7.80585
      11.16   -12.93624
      11.17   -17.68495
      11.18   -22.00579
      11.19   -25.87364
       11.2   -29.27542
      11.21   -32.20035
      11.22   -34.63193
      11.23   -36.54371
      11.24   -37.89941
      11.25   -38.65694
      11.26   -38.77523
      11.27   -38.22191
      11.28   -36.98023
      11.29   -35.05412
       11.3   -32.47143
      11.31   -29.28538
      11.32   -25.57371
      11.33   -21.43518
      11.34   -16.98351
      11.35   -12.34007
      11.36    -7.62558
      11.37    -2.95164
      11.38      1.5871
      11.39     5.91908
       11.4     9.99935
      11.41    13.80847
      11.42    17.34669
      11.43    20.62439
      11.44     23.6503
      11.45    26.41959
      11.46    28.90446
      11.47    31.04884
      11.48    32.76819
      11.49    33.95538
       11.5    34.49201
      11.51    34.26324
      11.52    33.17368
      11.53    31.16214
      11.54    28.21276
      11.55    24.36095
      11.56    19.69309
      11.57    14.34091
      11.58     8.47303
      11.59     2.28607
       11.6    -4.00496
      11.61   -10.17825
      11.62   -16.01828
      11.63   -21.32933
      11.64    -25.9482
      11.65   -29.75448
      11.66   -32.67679
      11.67   -34.69407
      11.68   -35.83151
      11.69   -36.15146
       11.7   -35.74108
      11.71   -34.69882
      11.72   -33.12247
      11.73   -31.10135
      11.74   -28.71324
      11.75   -26.02524
      11.76   -23.09711
      11.77   -19.98608
      11.78   -16.75136
      11.79   -13.45615
       11.8     -10.167
      11.81    -6.95114
      11.82    -3.87226
      11.83    -0.98543
      11.84     1.66802
      11.85     4.06376
      11.86     6.19512
      11.87      8.0716
      11.88     9.71555
      11.89     11.1576
       11.9    12.43076
      11.91    13.56428
      11.92    14.57779
      11.93    15.47705
      11.94    16.25203
      11.95    16.87737
      11.96    17.31491
      11.97    17.51799
      11.98    17.43736
      11.99    17.02806
        12.    16.25621
      12.01    15.10466
      12.02    13.57676
      12.03     11.6973
      12.04      9.5104
      12.05     7.07435
      12.06     4.45471
      12.07     1.71729
      12.08    -1.07745
      12.09    -3.87764
       12.1    -6.64026
      12.11    -9.32894
      12.12   -11.91074
      12.13   -14.35274
      12.14   -16.61942
      12.15   -18.67146
      12.16   -20.46677
      12.17    -21.9634
      12.18    -23.1235
      12.19   -23.91738
       12.2   -24.32656
      12.21   -24.34499
      12.22   -23.97809
      12.23   -23.24013
      12.24   -22.15078
      12.25   -20.73203
      12.26   -19.00658
      12.27   -16.99791
      12.28   -14.73161
      12.29    -12.2371
       12.3     -9.5494
      12.31    -6.71041
      12.32    -3.76956
      12.33    -0.78327
      12.34     2.18679
      12.35     5.07668
      12.36      7.8244
      12.37    10.37459
      12.38    12.68306
      12.39    14.71966
       12.4    16.46902
      12.41    17.92922
      12.42    19.10897
      12.43    20.02364
      12.44    20.69109
      12.45    21.12758
      12.46    21.34448
      12.47    21.34623
      12.48    21.13002
      12.49    20.68711
       12.5    20.00586
      12.51    19.07595
      12.52    17.89319
      12.53    16.46341
      12.54    14.80469
      12.55    12.94749
      12.56    10.93313
      12.57      8.8111
      12.58     6.63574
      12.59     4.46258
       12.6     2.34488
      12.61     0.33071
      12.62     -1.5393
      12.63      -3.233
      12.64    -4.72666
      12.65    -6.00423
      12.66    -7.05601
      12.67    -7.87691
      12.68    -8.46418
      12.69    -8.81492
       12.7    -8.92468
      12.71    -8.78731
      12.72    -8.39631
      12.73     -7.7469
      12.74    -6.83861
      12.75    -5.67827
      12.76    -4.28304
      12.77    -2.68355
      12.78    -0.92599
      12.79     0.92857
       12.8     2.80771
      12.81      4.6329
      12.82     6.32497
      12.83     7.80902
      12.84     9.01865
      12.85     9.89931
      12.86    10.41017
      12.87    10.52501
      12.88    10.23279
      12.89     9.53797
       12.9     8.46024
      12.91     7.03392
      12.92     5.30699
      12.93     3.33926
      12.94     1.19918
      12.95    -1.04052
      12.96     -3.3078
      12.97    -5.53583
      12.98    -7.66639
      12.99    -9.65181
        13.   -11.45548
      13.01   -13.05102
      13.02   -14.42052
      13.03   -15.55257
      13.04   -16.44058
      13.05   -17.08164
      13.06   -17.47559
      13.07   -17.62363
      13.08   -17.52673
      13.09    -17.1844
       13.1   -16.59457
      13.11   -15.75484
      13.12   -14.66539
      13.13   -13.33249
      13.14   -11.77204
      13.15   -10.01175
      13.16    -8.09117
      13.17    -6.05892
      13.18    -3.96754
      13.19    -1.86672
       13.2     0.20297
      13.21     2.21388
      13.22     4.15208
      13.23     6.01522
      13.24     7.80782
      13.25     9.53481
      13.26    11.19403
      13.27    12.76941
      13.28    14.22686
      13.29    15.51423
       13.3    16.56554
      13.31    17.30886
      13.32    17.67631
      13.33    17.61464
      13.34    17.09496
      13.35    16.11988
      13.36    14.72708
      13.37    12.98864
      13.38     11.0056
      13.39     8.89818
       13.4     6.79241
      13.41     4.80491
      13.42     3.02878
      13.43     1.52286
      13.44       0.306
      13.45    -0.64255
      13.46    -1.37678
      13.47    -1.97285
      13.48    -2.51583
      13.49    -3.08696
       13.5    -3.75374
      13.51    -4.56304
      13.52    -5.53701
      13.53    -6.67208
      13.54    -7.94094
      13.55    -9.29699
      13.56   -10.68033
      13.57    -12.0245
      13.58   -13.26303
      13.59   -14.33531
       13.6   -15.19161
      13.61   -15.79659
      13.62   -16.13057
      13.63   -16.18813
      13.64   -15.97493
      13.65    -15.5039
      13.66   -14.79221
      13.67   -13.85899
      13.68   -12.72355
      13.69   -11.40376
       13.7    -9.91461
      13.71     -8.2675
      13.72    -6.47059
      13.73    -4.53003
      13.74    -2.45214
      13.75    -0.24592
      13.76     2.07416
      13.77     4.48566
      13.78     6.95636
      13.79     9.44373
       13.8    11.89578
      13.81    14.25418
      13.82    16.45923
      13.83    18.45587
      13.84    20.19911
      13.85    21.65776
      13.86    22.81533
      13.87    23.66872
      13.88      24.225
      13.89    24.49727
       13.9    24.50055
      13.91    24.24841
      13.92    23.75059
      13.93    23.01219
      13.94    22.03434
      13.95     20.8162
      13.96     19.3577
      13.97    17.66258
      13.98    15.74101
      13.99    13.61138
        14.    11.30087
      14.01     8.84496
      14.02     6.28602
      14.03     3.67098
      14.04     1.04849
      14.05    -1.53427
      14.06    -4.03452
      14.07    -6.41631
      14.08     -8.6521
      14.09   -10.72319
       14.1   -12.61858
      14.11   -14.33274
      14.12     -15.863
      14.13   -17.20703
      14.14   -18.36098
      14.15   -19.31855
      14.16   -20.07091
      14.17   -20.60761
      14.18   -20.91835
      14.19   -20.99515
       14.2   -20.83448
      14.21   -20.43894
      14.22   -19.81792
      14.23   -18.98688
      14.24   -17.96526
      14.25   -16.77314
      14.26   -15.42733
      14.27    -13.9386
      14.28   -12.31108
      14.29   -10.54369
       14.3    -8.63301
      14.31    -6.57696
      14.32     -4.3782
      14.33    -2.04651
      14.34     0.39976
      14.35     2.93283
      14.36     5.51506
      14.37     8.09955
      14.38    10.63177
      14.39    13.05238
       14.4    15.30082
      14.41    17.31934
      14.42    19.05664
      14.43    20.47103
      14.44    21.53262
      14.45    22.22459
      14.46    22.54334
      14.47    22.49794
      14.48    22.10883
      14.49    21.40589
       14.5    20.42604
      14.51    19.21057
      14.52    17.80216
      14.53    16.24234
      14.54    14.56945
      14.55    12.81757
      14.56    11.01658
      14.57     9.19307
      14.58     7.37123
      14.59      5.5732
       14.6      3.8182
      14.61     2.12045
      14.62      0.4866
      14.63    -1.08543
      14.64    -2.60459
      14.65    -4.08264
      14.66    -5.52915
      14.67    -6.94718
      14.68     -8.3306
      14.69    -9.66364
       14.7   -10.92253
      14.71   -12.07881
      14.72   -13.10357
      14.73   -13.97138
      14.74   -14.66327
      14.75   -15.16849
      14.76   -15.48502
      14.77   -15.61903
      14.78   -15.58291
      14.79   -15.39176
       14.8    -15.0592
      14.81   -14.59398
      14.82   -13.99855
      14.83    -13.2697
      14.84   -12.40121
      14.85   -11.38749
      14.86   -10.22724
      14.87    -8.92628
      14.88    -7.49902
      14.89    -5.96856
       14.9    -4.36544
      14.91    -2.72498
      14.92    -1.08363
      14.93     0.52493
      14.94     2.07331
      14.95     3.54282
      14.96     4.92437
      14.97     6.21726
      14.98     7.42594
      14.99      8.5557
        15.     9.60769
      15.01    10.57477
      15.02    11.43947
      15.03    12.17468
      15.04    12.74632
      15.05    13.11757
      15.06    13.25372
      15.07    13.12682
      15.08    12.71963
      15.09    12.02853
       15.1    11.06485
      15.11     9.85395
      15.12     8.43235
      15.13     6.84363
      15.14     5.13373
      15.15     3.34633
      15.16     1.51933
      15.17    -0.31706
      15.18     -2.1402
      15.19    -3.93351
       15.2    -5.68457
      15.21    -7.38302
      15.22    -9.01851
      15.23   -10.57896
      15.24   -12.04938
      15.25   -13.41124
      15.26   -14.64224
      15.27   -15.71632
      15.28     -16.604
      15.29    -17.2732
       15.3    -17.6906
      15.31   -17.82395
      15.32   -17.64564
      15.33   -17.13684
      15.34   -16.29119
      15.35   -15.11747
      15.36   -13.64112
      15.37   -11.90416
      15.38    -9.96311
      15.39    -7.88461
       15.4    -5.73915
      15.41    -3.59386
      15.42    -1.50582
      15.43     0.48311
      15.44     2.34868
      15.45       4.083
      15.46      5.6899
      15.47     7.17804
      15.48     8.55331
      15.49     9.81309
       15.5    10.94338
      15.51    11.91917
      15.52    12.70732
      15.53     13.2715
      15.54    13.57762
      15.55    13.59891
      15.56    13.31958
      15.57    12.73689
      15.58    11.86193
      15.59    10.71884
       15.6     9.34292
      15.61       7.778
      15.62     6.07361
      15.63     4.28248
      15.64     2.45846
      15.65     0.65486
      15.66    -1.07752
      15.67    -2.69297
      15.68     -4.1536
      15.69     -5.4318
       15.7    -6.51179
      15.71    -7.38987
      15.72    -8.07342
      15.73    -8.57828
      15.74    -8.92515
      15.75    -9.13603
      15.76    -9.23115
      15.77    -9.22696
      15.78     -9.1352
      15.79    -8.96259
       15.8    -8.71123
      15.81    -8.37936
      15.82    -7.96266
      15.83    -7.45574
      15.84    -6.85383
      15.85    -6.15414
      15.86    -5.35724
      15.87     -4.4682
      15.88    -3.49755
      15.89     -2.4615
       15.9    -1.38122
      15.91     -0.2808
      15.92     0.81567
      15.93     1.88675
      15.94     2.91501
      15.95     3.88725
      15.96     4.79391
      15.97     5.62833
      15.98     6.38627
      15.99     7.06579
        16.     7.66789
      16.01      8.1973
      16.02      8.6628
      16.03     9.07641
      16.04     9.45137
      16.05      9.7995
      16.06    10.12825
      16.07    10.43812
      16.08    10.72082
      16.09     10.9587
       16.1    11.12541
      16.11    11.18786
      16.12    11.10998
      16.13    10.85828
      16.14    10.40836
      16.15     9.75107
      16.16     8.89629
      16.17     7.87367
      16.18     6.73027
      16.19     5.52547
       16.2     4.32375
      16.21     3.18652
      16.22     2.16414
      16.23     1.28943
      16.24     0.57356
      16.25     0.00536
      16.26     -0.4461
      16.27    -0.82546
      16.28    -1.18265
      16.29    -1.56327
       16.3    -2.00002
      16.31    -2.50647
      16.32    -3.07435
      16.33    -3.67473
      16.34    -4.26303
      16.35    -4.78705
      16.36    -5.19653
      16.37     -5.4528
      16.38    -5.53627
      16.39    -5.45071
       16.4    -5.22368
      16.41    -4.90311
      16.42    -4.55027
      16.43    -4.23068
      16.44      -4.004
      16.45    -3.91474
      16.46    -3.98536
      16.47    -4.21296
      16.48    -4.56987
      16.49      -5.008
       16.5    -5.46606
      16.51    -5.87861
      16.52    -6.18557
      16.53    -6.34039
      16.54     -6.3156
      16.55    -6.10502
      16.56    -5.72275
      16.57     -5.1993
      16.58    -4.57615
      16.59    -3.89925
       16.6    -3.21253
      16.61    -2.55193
      16.62    -1.94103
      16.63    -1.38865
      16.64     -0.8887
      16.65    -0.42245
      16.66     0.03745
      16.67     0.52141
      16.68     1.05696
      16.69     1.66317
       16.7     2.34665
      16.71     3.09989
      16.72     3.90205
      16.73     4.72178
      16.74     5.52131
      16.75     6.26109
      16.76     6.90404
      16.77     7.41881
      16.78      7.7819
      16.79     7.97908
       16.8     8.00625
      16.81     7.86932
      16.82     7.58304
      16.83     7.16875
      16.84     6.65107
      16.85     6.05462
      16.86     5.40098
      16.87     4.70677
      16.88     3.98334
      16.89     3.23784
       16.9     2.47504
      16.91     1.69907
      16.92     0.91453
      16.93     0.12709
      16.94    -0.65636
      16.95    -1.42782
      16.96     -2.1785
      16.97    -2.89922
      16.98    -3.58077
      16.99    -4.21362
        17.    -4.78716
      17.01    -5.28906
      17.02    -5.70542
      17.03    -6.02198
      17.04    -6.22629
      17.05    -6.31041
      17.06    -6.27318
      17.07    -6.12117
      17.08    -5.86783
      17.09    -5.53124
       17.1    -5.13039
      17.11    -4.68119
      17.12     -4.1933
      17.13    -3.66905
      17.14    -3.10447
      17.15    -2.49181
      17.16    -1.82324
      17.17    -1.09434
      17.18    -0.30669
      17.19     0.53105
       17.2     1.40335
      17.21     2.28891
      17.22     3.16242
      17.23     3.99636
      17.24     4.76267
      17.25     5.43379
      17.26     5.98331
      17.27     6.38661
      17.28     6.62195
      17.29     6.67223
       17.3     6.52709
      17.31     6.18486
      17.32     5.65372
      17.33     4.95157
      17.34     4.10433
      17.35     3.14272
      17.36     2.09843
      17.37      1.0005
      17.38    -0.12733
      17.39    -1.26806
       17.4    -2.41141
      17.41     -3.5526
      17.42    -4.68995
      17.43    -5.82199
      17.44    -6.94466
      17.45    -8.04895
      17.46    -9.11936
      17.47   -10.13318
      17.48   -11.06073
      17.49   -11.86687
       17.5   -12.51405
      17.51   -12.96665
      17.52   -13.19562
      17.53   -13.18233
      17.54   -12.92106
      17.55   -12.41954
      17.56   -11.69768
      17.57   -10.78483
      17.58    -9.71649
      17.59    -8.53087
       17.6     -7.2657
      17.61    -5.95572
      17.62    -4.63108
      17.63    -3.31654
      17.64    -2.03139
      17.65    -0.78962
      17.66     0.39952
      17.67     1.53093
      17.68     2.60329
      17.69      3.6185
       17.7     4.58057
      17.71     5.49388
      17.72     6.36116
      17.73     7.18192
      17.74      7.9517
      17.75     8.66228
      17.76     9.30255
      17.77     9.85929
      17.78    10.31807
      17.79    10.66385
       17.8    10.88128
      17.81    10.95445
      17.82    10.86691
      17.83     10.6024
      17.84    10.14649
      17.85     9.48886
      17.86     8.62572
      17.87     7.56181
      17.88     6.31178
      17.89      4.9007
       17.9     3.36347
      17.91     1.74335
      17.92     0.08966
      17.93    -1.54572
      17.94    -3.11237
      17.95    -4.56518
      17.96    -5.86773
      17.97    -6.99465
      17.98    -7.93274
      17.99    -8.68071
        18.    -9.24732
      18.01    -9.64827
      18.02    -9.90222
      18.03   -10.02677
      18.04   -10.03486
      18.05    -9.93227
      18.06    -9.71687
      18.07    -9.37961
      18.08    -8.90704
      18.09    -8.28468
       18.1    -7.50074
      18.11    -6.54939
      18.12    -5.43306
      18.13    -4.16353
      18.14    -2.76188
      18.15    -1.25725
      18.16     0.31526
      18.17     1.91756
      18.18     3.51171
      18.19     5.06304
       18.2     6.54254
      18.21     7.92845
      18.22      9.2068
      18.23    10.37126
      18.24    11.42198
      18.25    12.36346
      18.26    13.20185
      18.27    13.94157
      18.28    14.58125
      18.29    15.11051
       18.3    15.50879
      18.31    15.74676
      18.32    15.79014
      18.33    15.60536
      18.34    15.16556
      18.35     14.4558
      18.36    13.47636
      18.37     12.2438
      18.38    10.78988
      18.39     9.15898
       18.4     7.40433
      18.41     5.58387
      18.42      3.7555
      18.43     1.97258
      18.44     0.28017
      18.45     -1.2876
      18.46    -2.70875
      18.47    -3.97313
      18.48    -5.08079
      18.49     -6.0392
       18.5     -6.8598
      18.51    -7.55435
      18.52    -8.13171
      18.53    -8.59543
      18.54    -8.94281
      18.55    -9.16536
      18.56    -9.25053
      18.57    -9.18434
      18.58    -8.95425
      18.59    -8.55185
       18.6    -7.97488
      18.61    -7.22848
      18.62    -6.32552
      18.63    -5.28617
      18.64    -4.13673
      18.65    -2.90827
      18.66    -1.63507
      18.67    -0.35303
      18.68     0.90204
      18.69     2.09632
       18.7     3.20012
      18.71     4.18975
      18.72     5.04901
      18.73     5.77027
      18.74     6.35481
      18.75     6.81223
      18.76     7.15865
      18.77     7.41392
      18.78     7.59838
      18.79     7.72962
       18.8     7.81969
      18.81     7.87307
      18.82     7.88573
      18.83     7.84526
      18.84     7.73224
      18.85     7.52279
      18.86     7.19228
      18.87     6.71976
      18.88      6.0923
      18.89     5.30865
       18.9     4.38128
      18.91     3.33633
      18.92      2.2113
      18.93     1.05122
      18.94    -0.09615
      18.95    -1.18538
      18.96     -2.1778
      18.97    -3.04488
      18.98    -3.77004
      18.99    -4.34882
        19.    -4.78741
      19.01    -5.09994
      19.02    -5.30517
      19.03    -5.42305
      19.04    -5.47179
      19.05    -5.46592
      19.06     -5.4156
      19.07    -5.32677
      19.08    -5.20181
      19.09    -5.04046
       19.1    -4.84066
      19.11    -4.59952
      19.12    -4.31421
      19.13    -3.98285
      19.14    -3.60555
      19.15    -3.18535
      19.16    -2.72889
      19.17    -2.24673
      19.18     -1.7531
      19.19    -1.26508
       19.2    -0.80132
      19.21    -0.38073
      19.22    -0.02113
      19.23     0.26196
      19.24     0.45636
      19.25     0.55394
      19.26     0.55112
      19.27     0.44896
      19.28     0.25312
      19.29    -0.02664
       19.3    -0.37726
      19.31    -0.78336
      19.32    -1.22813
      19.33    -1.69397
      19.34    -2.16286
      19.35    -2.61669
      19.36    -3.03787
      19.37    -3.41047
      19.38    -3.72167
      19.39    -3.96322
       19.4    -4.13258
      19.41    -4.23317
      19.42    -4.27379
      19.43     -4.2672
      19.44    -4.22815
      19.45    -4.17112
      19.46    -4.10827
      19.47    -4.04799
      19.48     -3.9943
      19.49    -3.94726
       19.5     -3.9041
      19.51    -3.86094
      19.52    -3.81461
      19.53    -3.76398
      19.54    -3.71041
      19.55     -3.6571
      19.56    -3.60768
      19.57    -3.56438
      19.58    -3.52647
      19.59     -3.4893
       19.6    -3.44398
      19.61    -3.37787
      19.62    -3.27561
      19.63     -3.1208
      19.64    -2.89813
      19.65    -2.59576
      19.66     -2.2076
      19.67    -1.73475
      19.68    -1.18575
      19.69    -0.57561
       19.7     0.07618
      19.71     0.74791
      19.72     1.41775
      19.73     2.06542
      19.74     2.67352
      19.75     3.22835
      19.76     3.72045
      19.77     4.14487
      19.78     4.50077
      19.79     4.79063
       19.8     5.01896
      19.81     5.19078
      19.82     5.31012
      19.83      5.3791
      19.84     5.39752
      19.85     5.36289
      19.86     5.27079
      19.87     5.11541
      19.88      4.8903
      19.89     4.58903
       19.9     4.20578
      19.91     3.73623
      19.92      3.1783
      19.93     2.53276
      19.94     1.80367
      19.95     0.99892
      19.96     0.13068
      19.97    -0.78452
      19.98    -1.72605
      19.99    -2.66985
        20.    -3.58916
