         0.          0.
       0.01     0.00193
       0.02     0.00747
       0.03     0.01623
       0.04     0.02756
       0.05     0.04079
       0.06     0.05512
       0.07     0.06988
       0.08     0.08443
       0.09     0.09838
        0.1     0.11144
       0.11     0.12364
       0.12       0.135
       0.13     0.14566
       0.14     0.15567
       0.15     0.16505
       0.16     0.17374
       0.17      0.1819
       0.18     0.18967
       0.19     0.19702
        0.2     0.20361
       0.21     0.20899
       0.22     0.21272
       0.23     0.21472
       0.24      0.2151
       0.25     0.21415
       0.26     0.21152
       0.27     0.20706
       0.28     0.20089
       0.29     0.19328
        0.3     0.18444
       0.31     0.17513
       0.32     0.16562
       0.33      0.1553
       0.34     0.14326
       0.35     0.12889
       0.36     0.11187
       0.37     0.09245
       0.38      0.0714
       0.39     0.05085
        0.4     0.03119
       0.41     0.01173
       0.42     -0.0073
       0.43    -0.02441
       0.44    -0.03839
       0.45     -0.0486
       0.46    -0.05595
       0.47    -0.06085
       0.48    -0.06308
       0.49    -0.06148
        0.5    -0.05554
       0.51    -0.04572
       0.52    -0.03409
       0.53     -0.0254
       0.54    -0.02501
       0.55    -0.03244
       0.56    -0.04312
       0.57    -0.05239
       0.58    -0.05729
       0.59    -0.05717
        0.6     -0.0539
       0.61    -0.04979
       0.62    -0.04707
       0.63     -0.0441
       0.64    -0.03565
       0.65    -0.01824
       0.66     0.00752
       0.67     0.03813
       0.68     0.07139
       0.69     0.10967
        0.7     0.15786
       0.71     0.21827
       0.72     0.28668
       0.73     0.35293
       0.74      0.4033
       0.75      0.4278
       0.76     0.42256
       0.77     0.39017
       0.78     0.34265
       0.79     0.29373
        0.8     0.24955
       0.81     0.21086
       0.82     0.17964
       0.83     0.15931
       0.84     0.14474
       0.85     0.12332
       0.86     0.08541
       0.87     0.02768
       0.88    -0.04301
       0.89    -0.11061
        0.9    -0.15628
       0.91    -0.16753
       0.92    -0.14612
       0.93    -0.10692
       0.94    -0.06951
       0.95    -0.04664
       0.96    -0.04002
       0.97    -0.04141
       0.98    -0.04271
       0.99    -0.04492
         1.    -0.05552
       1.01    -0.07622
       1.02    -0.10169
       1.03    -0.12045
       1.04    -0.12054
       1.05    -0.10092
       1.06    -0.07579
       1.07    -0.05984
       1.08    -0.05627
       1.09    -0.06057
        1.1    -0.06998
       1.11    -0.08567
       1.12    -0.11152
       1.13    -0.15071
       1.14    -0.20156
       1.15    -0.26055
       1.16     -0.3289
       1.17    -0.40948
       1.18    -0.49303
       1.19    -0.56528
        1.2    -0.61296
       1.21    -0.62521
       1.22    -0.59852
       1.23    -0.54883
       1.24    -0.52007
       1.25    -0.54539
       1.26    -0.62519
       1.27    -0.73891
       1.28    -0.86581
       1.29    -0.99858
        1.3    -1.13612
       1.31    -1.27001
       1.32    -1.38434
       1.33    -1.46069
       1.34    -1.49345
       1.35    -1.49698
       1.36    -1.48353
       1.37     -1.4424
       1.38     -1.3477
       1.39    -1.18611
        1.4    -0.97216
       1.41    -0.73265
       1.42    -0.48785
       1.43    -0.25767
       1.44    -0.06421
       1.45     0.07125
       1.46     0.12989
       1.47     0.10962
       1.48     0.02897
       1.49    -0.08666
        1.5    -0.21355
       1.51    -0.32456
       1.52    -0.39372
       1.53    -0.41182
       1.54    -0.39137
       1.55    -0.35386
       1.56    -0.31971
       1.57    -0.30289
       1.58      -0.317
       1.59    -0.37138
        1.6    -0.45568
       1.61    -0.54905
       1.62    -0.62801
       1.63    -0.66307
       1.64     -0.6287
       1.65    -0.51795
       1.66    -0.34324
       1.67    -0.13016
       1.68     0.08755
       1.69     0.27058
        1.7     0.37831
       1.71     0.37472
       1.72     0.23971
       1.73    -0.03112
       1.74    -0.42056
       1.75    -0.88868
       1.76    -1.38558
       1.77    -1.85924
       1.78    -2.26771
       1.79    -2.59987
        1.8    -2.86995
       1.81    -3.08638
       1.82     -3.2263
       1.83    -3.24249
       1.84    -3.10853
       1.85    -2.83163
       1.86    -2.44009
       1.87    -1.97115
       1.88    -1.47576
       1.89    -1.01945
        1.9    -0.66323
       1.91    -0.43907
       1.92    -0.33746
       1.93    -0.33126
       1.94    -0.40848
       1.95    -0.57021
       1.96    -0.81205
       1.97    -1.10621
       1.98    -1.39654
       1.99     -1.6049
         2.    -1.64458
       2.01    -1.47556
       2.02    -1.11677
       2.03    -0.61019
       2.04     0.01691
       2.05     0.74593
       2.06     1.52908
       2.07      2.2708
       2.08     2.86493
       2.09     3.25005
        2.1      3.4117
       2.11     3.37462
       2.12     3.20235
       2.13     2.96211
       2.14       2.686
       2.15     2.38187
       2.16     2.07373
       2.17     1.80923
       2.18     1.61908
       2.19     1.49746
        2.2     1.42149
       2.21     1.36005
       2.22     1.25939
       2.23     1.05496
       2.24     0.71675
       2.25     0.26171
       2.26    -0.27486
       2.27    -0.86146
       2.28    -1.46638
       2.29    -2.05037
        2.3    -2.56992
       2.31     -2.9712
       2.32    -3.19681
       2.33    -3.19987
       2.34    -2.97404
       2.35    -2.55139
       2.36    -1.97605
       2.37    -1.30275
       2.38    -0.60734
       2.39     0.03298
        2.4     0.55893
       2.41     0.92463
       2.42     1.10027
       2.43     1.09941
       2.44     1.00834
       2.45     0.96136
       2.46     1.07002
       2.47     1.39836
       2.48     1.96205
       2.49     2.72855
        2.5     3.61948
       2.51      4.5209
       2.52     5.32207
       2.53     5.95155
       2.54     6.38789
       2.55     6.64649
       2.56     6.74859
       2.57     6.71156
       2.58     6.55812
       2.59     6.32356
        2.6     6.05351
       2.61     5.78781
       2.62     5.54552
       2.63     5.31198
       2.64       5.049
       2.65     4.72342
       2.66     4.30366
       2.67     3.77717
       2.68     3.18438
       2.69     2.61861
        2.7     2.15511
       2.71     1.80471
       2.72     1.55155
       2.73     1.39879
       2.74     1.38102
       2.75     1.54701
       2.76     1.92758
       2.77     2.52727
       2.78     3.33723
       2.79     4.34139
        2.8     5.50271
       2.81     6.76014
       2.82     8.04791
       2.83     9.32021
       2.84    10.55608
       2.85    11.74513
       2.86     12.8775
       2.87    13.94211
       2.88       14.93
       2.89     15.8315
        2.9    16.63383
       2.91    17.32452
       2.92    17.89677
       2.93    18.34789
       2.94    18.67494
       2.95    18.85211
       2.96    18.80818
       2.97    18.42666
       2.98    17.60232
       2.99    16.31488
         3.     14.6227
       3.01    12.63149
       3.02    10.47425
       3.03      8.2782
       3.04     6.12855
       3.05     4.06186
       3.06     2.07459
       3.07     0.13488
       3.08     -1.8099
       3.09    -3.82205
        3.1    -5.94939
       3.11    -8.20789
       3.12    -10.5671
       3.13   -12.91501
       3.14   -15.01501
       3.15   -16.59392
       3.16   -17.47418
       3.17   -17.60553
       3.18   -17.02748
       3.19   -15.81991
        3.2   -14.08607
       3.21   -11.93877
       3.22    -9.48423
       3.23    -6.80797
       3.24    -3.97692
       3.25    -1.04062
       3.26     1.95851
       3.27     4.97456
       3.28     7.92664
       3.29    10.71151
        3.3    13.26434
       3.31    15.57674
       3.32    17.67243
       3.33    19.58657
       3.34     21.3512
       3.35    22.98426
       3.36    24.47637
       3.37    25.79412
       3.38    26.88471
       3.39     27.6675
        3.4    28.02719
       3.41    27.82076
       3.42    26.90736
       3.43    25.17523
       3.44    22.54208
       3.45    18.98545
       3.46    14.58708
       3.47     9.56804
       3.48     4.32611
       3.49    -0.63711
        3.5    -5.02396
       3.51    -8.77528
       3.52   -11.95533
       3.53   -14.72889
       3.54   -17.37366
       3.55   -20.23782
       3.56   -23.55368
       3.57    -27.3651
       3.58   -31.57706
       3.59   -36.00789
        3.6   -40.42678
       3.61   -44.58407
       3.62   -48.24295
       3.63   -51.21027
       3.64   -53.37105
       3.65   -54.70771
       3.66   -55.27846
       3.67   -55.19443
       3.68   -54.58165
       3.69   -53.57581
        3.7   -52.30508
       3.71   -50.84454
       3.72   -49.14803
       3.73   -46.98837
       3.74   -44.13222
       3.75   -40.52635
       3.76   -36.25407
       3.77    -31.4912
       3.78   -26.49027
       3.79   -21.49261
        3.8   -16.65581
       3.81   -12.06118
       3.82    -7.73091
       3.83    -3.62862
       3.84     0.31644
       3.85     4.17494
       3.86     8.01902
       3.87    11.92484
       3.88    15.93588
       3.89    20.01211
        3.9    24.02574
       3.91    27.77803
       3.92    31.00915
       3.93    33.40491
       3.94    34.66133
       3.95    34.60536
       3.96    33.27162
       3.97    30.83834
       3.98    27.55486
       3.99    23.69997
         4.    19.54922
       4.01    15.35248
       4.02    11.26679
       4.03     7.35779
       4.04     3.65753
       4.05     0.19107
       4.06    -3.05949
       4.07    -6.19141
       4.08    -9.37327
       4.09   -12.81385
        4.1   -16.69495
       4.11   -21.11398
       4.12   -26.07528
       4.13   -31.45824
       4.14   -37.01814
       4.15    -42.4409
       4.16   -47.40152
       4.17   -51.59322
       4.18   -54.74898
       4.19     -56.658
        4.2   -57.20579
       4.21   -56.39898
       4.22   -54.36005
       4.23   -51.29027
       4.24   -47.42793
       4.25   -43.00325
       4.26   -38.20573
       4.27   -33.18542
       4.28   -28.05664
       4.29   -22.86715
        4.3   -17.56603
       4.31   -12.04509
       4.32    -6.18422
       4.33     0.12059
       4.34     6.93931
       4.35    14.23786
       4.36    21.86934
       4.37    29.59865
       4.38    37.12159
       4.39    44.11705
        4.4    50.29087
       4.41    55.41819
       4.42     59.3895
       4.43    62.25485
       4.44    64.19244
       4.45    65.41397
       4.46    66.10784
       4.47    66.43271
       4.48    66.51169
       4.49    66.42185
        4.5    66.18698
       4.51    65.77894
       4.52    65.12397
       4.53    64.11383
       4.54    62.62341
       4.55    60.52569
       4.56    57.70783
       4.57    54.09735
       4.58    49.66764
       4.59    44.41172
        4.6    38.30606
       4.61    31.33407
       4.62    23.59965
       4.63    15.35628
       4.64     6.92335
       4.65    -1.38097
       4.66    -9.27813
       4.67   -16.55912
       4.68   -23.09657
       4.69   -28.83179
        4.7   -33.76584
       4.71   -37.93446
       4.72   -41.37091
       4.73    -44.0797
       4.74   -46.03898
       4.75   -47.22679
       4.76   -47.65074
       4.77   -47.35523
       4.78   -46.41852
       4.79   -44.97479
        4.8   -43.17176
       4.81    -41.1421
       4.82    -38.9962
       4.83   -36.80186
       4.84   -34.55134
       4.85   -32.17835
       4.86   -29.60489
       4.87   -26.77794
       4.88   -23.68818
       4.89     -20.369
        4.9   -16.89559
       4.91    -13.3728
       4.92    -9.90656
       4.93    -6.56216
       4.94    -3.32947
       4.95    -0.07313
       4.96      3.4015
       4.97     7.26258
       4.98    11.57002
       4.99     16.2508
         5.    21.16408
       5.01    26.11657
       5.02    30.87143
       5.03    35.19532
       5.04    38.89733
       5.05    41.82918
       5.06    43.87601
       5.07    44.94578
       5.08    45.00158
       5.09    44.09944
        5.1    42.38332
       5.11    40.04263
       5.12    37.27295
       5.13     34.2628
       5.14    31.19277
       5.15    28.21843
       5.16      25.449
       5.17    22.95102
       5.18    20.74951
       5.19    18.83257
        5.2     17.1432
       5.21    15.58571
       5.22    14.04563
       5.23    12.41403
       5.24    10.60546
       5.25     8.57935
       5.26     6.34845
       5.27     3.96918
       5.28     1.51477
       5.29    -0.95564
        5.3     -3.4291
       5.31    -5.92105
       5.32      -8.436
       5.33   -10.95695
       5.34   -13.46459
       5.35   -15.94675
       5.36   -18.38281
       5.37   -20.73454
       5.38   -22.97058
       5.39   -25.08236
        5.4   -27.08135
       5.41   -28.97812
       5.42   -30.77258
       5.43   -32.43317
       5.44   -33.88454
       5.45   -35.01123
       5.46   -35.65804
       5.47   -35.63611
       5.48   -34.81663
       5.49   -33.18284
        5.5   -30.80961
       5.51   -27.85515
       5.52   -24.53126
       5.53   -21.04877
       5.54   -17.56665
       5.55   -14.19511
       5.56   -11.04145
       5.57    -8.24996
       5.58     -5.9606
       5.59    -4.17252
        5.6    -2.76037
       5.61    -1.55432
       5.62    -0.37371
       5.63     0.94353
       5.64     2.52226
       5.65     4.41612
       5.66     6.57573
       5.67     8.85932
       5.68    11.09346
       5.69    13.13971
        5.7    14.91802
       5.71    16.41704
       5.72    17.68194
       5.73    18.77261
       5.74    19.72712
       5.75    20.54233
       5.76    21.13217
       5.77     21.3698
       5.78    21.14468
       5.79    20.40668
        5.8    19.19135
       5.81    17.56749
       5.82    15.56714
       5.83    13.16096
       5.84    10.27995
       5.85     6.86213
       5.86     2.88876
       5.87    -1.59765
       5.88     -6.4785
       5.89   -11.57673
        5.9   -16.67981
       5.91    -21.5845
       5.92   -26.12663
       5.93   -30.17967
       5.94   -33.64035
       5.95   -36.42282
       5.96   -38.42967
       5.97   -39.57303
       5.98   -39.81029
       5.99   -39.14639
         6.   -37.63232
       6.01   -35.37731
       6.02   -32.55323
       6.03   -29.36747
       6.04   -26.00609
       6.05   -22.60739
       6.06   -19.27315
       6.07   -16.08927
       6.08   -13.09025
       6.09   -10.22527
        6.1    -7.38321
       6.11    -4.46114
       6.12    -1.42407
       6.13     1.68744
       6.14     4.82421
       6.15     7.98836
       6.16     11.2409
       6.17    14.67689
       6.18    18.36747
       6.19    22.34117
        6.2    26.56563
       6.21    30.95548
       6.22    35.38853
       6.23    39.72248
       6.24    43.82633
       6.25    47.59044
       6.26       50.92
       6.27    53.72045
       6.28    55.86547
       6.29    57.17002
        6.3    57.46971
       6.31     56.7247
       6.32    54.99038
       6.33    52.35764
       6.34    48.91721
       6.35    44.71297
       6.36    39.75126
       6.37    34.12138
       6.38    27.98835
       6.39     21.5298
        6.4    14.91702
       6.41     8.30593
       6.42     1.83262
       6.43    -4.40074
       6.44   -10.33464
       6.45   -15.93976
       6.46   -21.19118
       6.47   -26.08487
       6.48   -30.60405
       6.49   -34.65991
        6.5   -38.11289
       6.51   -40.89692
       6.52   -43.07178
       6.53   -44.78394
       6.54   -46.22249
       6.55   -47.57604
       6.56   -48.97565
       6.57   -50.49603
       6.58   -52.17077
       6.59   -53.94707
        6.6   -55.67143
       6.61   -57.12211
       6.62   -58.08417
       6.63   -58.39741
       6.64   -57.95258
       6.65    -56.6762
       6.66    -54.5142
       6.67    -51.4039
       6.68   -47.28482
       6.69   -42.14207
        6.7   -36.01417
       6.71   -29.00418
       6.72   -21.31303
       6.73   -13.21606
       6.74    -5.01768
       6.75     2.99687
       6.76    10.58703
       6.77     17.5364
       6.78     23.6357
       6.79    28.73077
        6.8    32.76784
       6.81    35.75899
       6.82     37.7624
       6.83    38.89554
       6.84    39.35054
       6.85    39.36297
       6.86    39.13805
       6.87    38.83881
       6.88     38.5727
       6.89    38.37447
        6.9    38.22421
       6.91     38.0833
       6.92    37.90668
       6.93    37.64326
       6.94    37.24494
       6.95    36.68574
       6.96    35.95586
       6.97    35.02485
       6.98    33.79949
       6.99    32.18532
         7.    30.17127
       7.01    27.80457
       7.02    25.16385
       7.03    22.36022
       7.04    19.49082
       7.05    16.59197
       7.06    13.64119
       7.07    10.58409
       7.08     7.32614
       7.09     3.76185
        7.1    -0.15902
       7.11    -4.37686
       7.12    -8.70526
       7.13   -12.87749
       7.14   -16.61374
       7.15    -19.6769
       7.16   -21.91216
       7.17   -23.26403
       7.18   -23.80177
       7.19   -23.71263
        7.2   -23.25217
       7.21   -22.68116
       7.22   -22.22657
       7.23   -22.05082
       7.24   -22.16796
       7.25   -22.35138
       7.26   -22.28029
       7.27   -21.66761
       7.28   -20.39959
       7.29   -18.55778
        7.3   -16.32033
       7.31   -13.84484
       7.32   -11.18727
       7.33    -8.32162
       7.34    -5.18988
       7.35    -1.75104
       7.36     2.00392
       7.37     6.04868
       7.38     10.3286
       7.39    14.76671
        7.4    19.28937
       7.41    23.84337
       7.42    28.39548
       7.43     32.9041
       7.44    37.31187
       7.45    41.49916
       7.46    45.30218
       7.47     48.5784
       7.48    51.20827
       7.49    53.10787
        7.5    54.26121
       7.51    54.68889
       7.52     54.3972
       7.53    53.37516
       7.54    51.63261
       7.55    49.21529
       7.56    46.19232
       7.57    42.64447
       7.58    38.65373
       7.59     34.2924
        7.6    29.61389
       7.61    24.64988
       7.62    19.40869
       7.63    13.87443
       7.64     8.04871
       7.65     1.98953
       7.66    -4.21013
       7.67   -10.45243
       7.68   -16.65883
       7.69   -22.77926
        7.7   -28.78441
       7.71   -34.66695
       7.72   -40.42784
       7.73   -46.06507
       7.74   -51.54546
       7.75   -56.78114
       7.76   -61.63765
       7.77   -65.90488
       7.78   -69.33652
       7.79   -71.71974
        7.8   -72.88746
       7.81    -72.7229
       7.82   -71.17566
       7.83    -68.2923
       7.84   -64.21435
       7.85   -59.14945
       7.86   -53.34147
       7.87   -47.06594
       7.88   -40.59902
       7.89   -34.14904
        7.9   -27.83556
       7.91   -21.70574
       7.92   -15.73252
       7.93    -9.83802
       7.94    -3.95488
       7.95     1.91789
       7.96     7.70098
       7.97    13.24999
       7.98    18.40106
       7.99    23.01578
         8.    27.00796
       8.01    30.37301
       8.02    33.20513
       8.03    35.63811
       8.04     37.8011
       8.05    39.77918
       8.06    41.58191
       8.07    43.14243
       8.08    44.33817
       8.09    45.03736
        8.1    45.13006
       8.11    44.52892
       8.12    43.16827
       8.13    40.98969
       8.14    37.93589
       8.15    33.95857
       8.16    29.03972
       8.17    23.24235
       8.18    16.74974
       8.19     9.83556
        8.2     2.75339
       8.21     -4.3104
       8.22   -11.20916
       8.23   -17.82526
       8.24   -24.05768
       8.25   -29.82571
       8.26   -35.05259
       8.27    -39.6504
       8.28   -43.53115
       8.29   -46.63285
        8.3   -48.93826
       8.31   -50.47875
       8.32   -51.31424
       8.33   -51.51723
       8.34    -51.1749
       8.35    -50.3942
       8.36   -49.30188
       8.37   -48.05373
       8.38   -46.80417
       8.39   -45.68223
        8.4   -44.77149
       8.41   -44.09241
       8.42   -43.59934
       8.43   -43.19498
       8.44   -42.74135
       8.45   -42.08167
       8.46    -41.0844
       8.47   -39.68481
       8.48   -37.88908
       8.49   -35.75588
        8.5   -33.35427
       8.51   -30.71837
       8.52   -27.82208
       8.53   -24.61706
       8.54   -21.00088
       8.55    -16.7855
       8.56   -11.80965
       8.57    -6.03429
       8.58     0.44713
       8.59     7.41975
        8.6    14.62157
       8.61    21.81159
       8.62    28.79851
       8.63    35.43337
       8.64    41.62757
       8.65     47.3568
       8.66    52.62502
       8.67    57.44272
       8.68    61.83347
       8.69    65.80479
        8.7    69.34287
       8.71    72.44939
       8.72    75.13286
       8.73    77.37404
       8.74    79.11757
       8.75    80.30645
       8.76    80.88585
       8.77    80.80154
       8.78    79.99909
       8.79     78.4347
        8.8    76.08146
       8.81    72.93497
       8.82    69.00834
       8.83    64.33994
       8.84    58.99789
       8.85    53.06463
       8.86    46.61579
       8.87    39.70081
       8.88    32.35666
       8.89    24.61825
        8.9    16.52205
       8.91     8.11047
       8.92    -0.55806
       8.93    -9.39705
       8.94   -18.30016
       8.95   -27.15091
       8.96   -35.81057
       8.97   -44.09091
       8.98    -51.7624
       8.99   -58.58332
         9.    -64.3391
       9.01   -68.86993
       9.02   -72.08475
       9.03    -73.9682
       9.04   -74.57008
       9.05   -73.98585
       9.06   -72.34633
       9.07    -69.8111
       9.08   -66.55756
       9.09   -62.75839
        9.1   -58.56634
       9.11    -54.0883
       9.12   -49.35972
       9.13   -44.33704
       9.14   -38.90081
       9.15   -32.91866
       9.16   -26.35535
       9.17   -19.29904
       9.18   -11.90334
       9.19    -4.36761
        9.2     3.06081
       9.21    10.12714
       9.22     16.6543
       9.23    22.61683
       9.24    28.09438
       9.25    33.19441
       9.26    38.00249
       9.27    42.53357
       9.28    46.74449
       9.29    50.56695
        9.3    53.93765
       9.31    56.81832
       9.32    59.21064
       9.33    61.11892
       9.34    62.50683
       9.35     63.3055
       9.36    63.43366
       9.37    62.80962
       9.38    61.36086
       9.39    59.03024
        9.4    55.79025
       9.41    51.67392
       9.42     46.7957
       9.43    41.34513
       9.44    35.56313
       9.45    29.68935
       9.46    23.90169
       9.47     18.3034
       9.48    12.91233
       9.49     7.67135
        9.5     2.49196
       9.51    -2.71496
       9.52    -8.02963
       9.53   -13.50848
       9.54    -19.1726
       9.55   -25.00602
       9.56   -30.94331
       9.57   -36.86096
       9.58    -42.6031
       9.59   -48.01099
        9.6   -52.93946
       9.61   -57.27312
       9.62   -60.93366
       9.63   -63.86752
       9.64   -66.03584
       9.65   -67.41739
       9.66   -68.00926
       9.67    -67.8254
       9.68   -66.90347
       9.69    -65.2916
        9.7   -63.01904
       9.71   -60.08969
       9.72   -56.51227
       9.73   -52.33259
       9.74   -47.64015
       9.75   -42.54763
       9.76   -37.13451
       9.77   -31.42223
       9.78    -25.3798
       9.79   -18.96934
        9.8   -12.17881
       9.81      -5.024
       9.82     2.43619
       9.83    10.09537
       9.84    17.82269
       9.85    25.46856
       9.86    32.87409
       9.87    39.89104
       9.88    46.39449
       9.89    52.30963
        9.9    57.61994
       9.91    62.34256
       9.92    66.50438
       9.93    70.13909
       9.94    73.27077
       9.95    75.88304
       9.96    77.84383
       9.97     78.9545
       9.98    79.04568
       9.99    77.98059
        10.    75.67082
      10.01    72.09995
      10.02    67.31675
      10.03     61.4254
      10.04    54.56363
      10.05    46.86936
      10.06    38.44671
      10.07    29.37996
      10.08    19.76931
      10.09     9.75872
       10.1    -0.45803
      10.11   -10.64822
      10.12     -20.561
      10.13   -29.98343
      10.14   -38.78252
      10.15   -46.90065
      10.16   -54.32831
      10.17   -61.07769
      10.18   -67.13647
      10.19   -72.43504
       10.2    -76.8259
      10.21   -80.13974
      10.22   -82.21282
      10.23   -82.89683
      10.24   -82.08062
      10.25   -79.73657
      10.26   -75.91672
      10.27   -70.74067
      10.28   -64.38947
      10.29   -57.08465
       10.3   -49.06447
      10.31    -40.5433
      10.32   -31.67852
      10.33   -22.57601
      10.34    -13.3062
      10.35    -3.93425
      10.36     5.44323
      10.37    14.68144
      10.38    23.61202
      10.39     32.0513
       10.4    39.81756
      10.41    46.76652
      10.42    52.79856
      10.43    57.85135
      10.44    61.89184
      10.45    64.90129
      10.46    66.86026
      10.47    67.74009
      10.48    67.50667
      10.49    66.13221
       10.5    63.61182
      10.51    59.97489
      10.52    55.28677
      10.53    49.62528
      10.54    43.06486
      10.55    35.68656
      10.56    27.59539
      10.57     18.9218
      10.58     9.81721
      10.59     0.46494
       10.6    -8.90773
      10.61   -18.03731
      10.62   -26.69148
      10.63   -34.70269
      10.64   -41.95322
      10.65   -48.37317
      10.66   -53.94146
      10.67    -58.6856
      10.68   -62.65984
      10.69   -65.89278
       10.7   -68.35155
      10.71   -69.94334
      10.72   -70.52391
      10.73   -69.92764
      10.74      -68.04
      10.75   -64.83945
      10.76   -60.39482
      10.77   -54.86373
      10.78   -48.49002
      10.79   -41.54961
       10.8   -34.28118
      10.81   -26.86032
      10.82   -19.40036
      10.83   -11.95974
      10.84    -4.57401
      10.85     2.71304
      10.86     9.84907
      10.87     16.7786
      10.88     23.4444
      10.89    29.79332
       10.9    35.78517
      10.91    41.38319
      10.92    46.55074
      10.93     51.2575
      10.94    55.48034
      10.95    59.19144
      10.96    62.34954
      10.97    64.88709
      10.98    66.71874
      10.99    67.75523
        11.     67.9178
      11.01    67.14894
      11.02    65.43003
      11.03    62.78018
      11.04    59.25071
      11.05     54.9211
      11.06    49.89145
      11.07     44.2718
      11.08    38.16147
      11.09    31.65153
       11.1    24.84255
      11.11    17.83916
      11.12    10.73532
      11.13     3.61045
      11.14    -3.46842
      11.15   -10.43059
      11.16   -17.18415
      11.17   -23.60411
      11.18   -29.53171
      11.19   -34.79209
       11.2   -39.21913
      11.21    -42.6824
      11.22   -45.11239
      11.23    -46.5075
      11.24   -46.92269
      11.25   -46.45614
      11.26   -45.22651
      11.27   -43.34783
      11.28   -40.91836
      11.29   -38.02752
       11.3   -34.76472
      11.31   -31.21578
      11.32   -27.44661
      11.33   -23.49875
      11.34   -19.40201
      11.35   -15.17116
      11.36   -10.80084
      11.37    -6.27053
      11.38    -1.55206
      11.39     3.38299
       11.4     8.52738
      11.41    13.81477
      11.42    19.12646
      11.43    24.29466
      11.44    29.11376
      11.45    33.37331
      11.46     36.8719
      11.47    39.43245
      11.48    40.92938
      11.49     41.2975
       11.5    40.53258
      11.51    38.67152
      11.52    35.78942
      11.53    31.98461
      11.54    27.36351
      11.55    22.02914
      11.56    16.08879
      11.57     9.67789
      11.58     3.00316
      11.59     -3.6813
       11.6   -10.13611
      11.61   -16.15475
      11.62   -21.57889
      11.63   -26.30532
      11.64   -30.28016
      11.65   -33.48611
      11.66   -35.92996
      11.67   -37.62843
      11.68   -38.59445
      11.69   -38.83948
       11.7   -38.38243
      11.71   -37.26325
      11.72   -35.56944
      11.73   -33.43911
      11.74   -31.03423
      11.75   -28.51394
      11.76   -26.02503
      11.77   -23.68243
      11.78   -21.53754
      11.79   -19.57469
       11.8   -17.73352
      11.81   -15.92208
      11.82   -14.02507
      11.83   -11.91782
      11.84    -9.49896
      11.85    -6.71144
      11.86    -3.54026
      11.87    -0.00582
      11.88     3.83459
      11.89     7.88246
       11.9    12.00263
      11.91    16.03268
      11.92    19.79751
      11.93    23.13112
      11.94    25.88328
      11.95    27.92123
      11.96    29.13924
      11.97    29.47176
      11.98    28.89994
      11.99    27.44953
        12.    25.18525
      12.01    22.20349
      12.02    18.61925
      12.03    14.55259
      12.04    10.11577
      12.05     5.41467
      12.06     0.55787
      12.07     -4.3332
      12.08    -9.12207
      12.09   -13.65698
       12.1   -17.77884
      12.11   -21.34762
      12.12   -24.25742
      12.13   -26.44323
      12.14   -27.88716
      12.15   -28.62798
      12.16   -28.75589
      12.17    -28.3934
      12.18    -27.6786
      12.19   -26.74298
       12.2   -25.69187
      12.21   -24.59145
      12.22   -23.46827
      12.23   -22.31646
      12.24   -21.11272
      12.25   -19.83302
      12.26   -18.46294
      12.27   -16.99159
      12.28   -15.40432
      12.29   -13.68383
       12.3   -11.80989
      12.31    -9.76482
      12.32    -7.53331
      12.33    -5.10186
      12.34    -2.45993
      12.35     0.40158
      12.36     3.48829
      12.37      6.7965
      12.38    10.29546
      12.39    13.91837
       12.4    17.56977
      12.41    21.13305
      12.42    24.48099
      12.43    27.48499
      12.44    30.02279
      12.45    31.98397
      12.46    33.28095
      12.47     33.8573
      12.48    33.69011
      12.49    32.79518
       12.5    31.22982
      12.51    29.08709
      12.52    26.47678
      12.53     23.5121
      12.54    20.29912
      12.55    16.93945
      12.56     13.5322
      12.57    10.17447
      12.58     6.95508
      12.59     3.95419
       12.6     1.23941
      12.61    -1.13718
      12.62    -3.13741
      12.63    -4.73441
      12.64    -5.91851
      12.65    -6.70032
      12.66    -7.10168
      12.67    -7.14753
      12.68     -6.8606
      12.69    -6.27182
       12.7    -5.42888
      12.71    -4.39022
      12.72    -3.21639
      12.73    -1.96479
      12.74    -0.69085
      12.75     0.55015
      12.76     1.69348
      12.77     2.67455
      12.78     3.45902
      12.79     4.05336
       12.8     4.48614
      12.81     4.78445
      12.82     4.96434
      12.83      5.0316
      12.84     4.98798
      12.85     4.82236
      12.86     4.51244
      12.87     4.04858
      12.88     3.43262
      12.89     2.67089
       12.9     1.77908
      12.91     0.78364
      12.92    -0.28977
      12.93    -1.42726
      12.94    -2.63239
      12.95    -3.92228
      12.96    -5.31373
      12.97    -6.81346
      12.98     -8.4151
      12.99   -10.09843
        13.   -11.83006
      13.01   -13.56502
      13.02   -15.25541
      13.03   -16.85856
      13.04   -18.33777
      13.05    -19.6572
      13.06   -20.76673
      13.07   -21.60152
      13.08   -22.09284
      13.09   -22.18331
       13.1   -21.83894
      13.11   -21.06002
      13.12   -19.87529
      13.13   -18.33492
      13.14    -16.4987
      13.15   -14.41809
      13.16   -12.12462
      13.17    -9.62582
      13.18    -6.90513
      13.19    -3.94643
       13.2    -0.76265
      13.21     2.59743
      13.22      6.0549
      13.23     9.50111
      13.24    12.80577
      13.25    15.81915
      13.26    18.38251
      13.27    20.36358
      13.28    21.67609
      13.29    22.29154
       13.3    22.23879
      13.31    21.59058
      13.32    20.45499
      13.33    18.96407
      13.34    17.26135
      13.35    15.48632
      13.36    13.76707
      13.37    12.20169
      13.38    10.84719
      13.39     9.70901
       13.4     8.73809
      13.41     7.85773
      13.42     6.98388
      13.43     6.03756
      13.44     4.96488
      13.45     3.74503
      13.46     2.38763
      13.47     0.91954
      13.48    -0.64145
      13.49    -2.30499
       13.5    -4.09426
      13.51    -6.02127
      13.52    -8.08385
      13.53    -10.2666
      13.54   -12.53773
      13.55   -14.84652
      13.56   -17.12463
      13.57    -19.2865
      13.58   -21.24002
      13.59   -22.89754
       13.6   -24.18582
      13.61   -25.03579
      13.62   -25.37834
      13.63   -25.15391
      13.64    -24.3287
      13.65   -22.91339
      13.66   -20.96047
      13.67    -18.5468
      13.68   -15.75656
      13.69   -12.67289
       13.7     -9.3791
      13.71    -5.96098
      13.72    -2.50284
      13.73     0.91518
      13.74     4.22004
      13.75     7.34734
      13.76     10.2432
      13.77    12.86516
      13.78     15.1891
      13.79    17.20678
       13.8    18.93969
      13.81    20.44367
      13.82    21.79501
      13.83    23.07265
      13.84     24.3363
      13.85    25.60986
      13.86    26.88345
      13.87    28.12029
      13.88    29.26217
      13.89    30.24413
       13.9    31.00031
      13.91    31.46575
      13.92    31.58472
      13.93     31.3146
      13.94    30.62797
      13.95    29.51071
      13.96    27.96154
      13.97    25.99113
      13.98    23.61733
      13.99    20.86311
        14.    17.76342
      14.01    14.36271
      14.02    10.71639
      14.03     6.88439
      14.04     2.93266
      14.05     -1.0684
      14.06    -5.04793
      14.07    -8.93432
      14.08   -12.65532
      14.09   -16.13388
       14.1   -19.29094
      14.11   -22.05663
      14.12   -24.37892
      14.13   -26.22543
      14.14   -27.58706
      14.15   -28.47564
      14.16   -28.92093
      14.17   -28.97111
      14.18    -28.6875
      14.19    -28.1348
       14.2   -27.37538
      14.21   -26.46297
      14.22   -25.42894
      14.23   -24.27989
      14.24   -22.99657
      14.25    -21.5315
      14.26   -19.83683
      14.27   -17.88751
      14.28   -15.68087
      14.29   -13.22994
       14.3   -10.56063
      14.31    -7.70272
      14.32    -4.67805
      14.33    -1.50628
      14.34     1.77773
      14.35     5.12396
      14.36     8.47108
      14.37    11.75318
      14.38     14.9074
      14.39     17.8756
       14.4    20.60385
      14.41    23.04062
      14.42    25.13904
      14.43    26.85786
      14.44    28.16406
      14.45    29.03592
      14.46    29.46673
      14.47    29.46448
      14.48     29.0512
      14.49    28.25909
       14.5    27.12697
      14.51    25.69538
      14.52    24.00725
      14.53    22.10943
      14.54    20.05202
      14.55    17.89283
      14.56    15.69401
      14.57    13.50847
      14.58    11.36742
      14.59      9.2739
       14.6     7.19505
      14.61     5.06896
      14.62      2.8405
      14.63     0.49866
      14.64    -1.92367
      14.65    -4.37079
      14.66    -6.77975
      14.67    -9.09639
      14.68   -11.28332
      14.69   -13.31927
       14.7   -15.19624
      14.71   -16.91566
      14.72   -18.47579
      14.73   -19.86386
      14.74   -21.05875
      14.75   -22.03563
      14.76   -22.77209
      14.77   -23.24148
      14.78   -23.40374
      14.79   -23.20905
       14.8   -22.62092
      14.81   -21.63296
      14.82   -20.27199
      14.83   -18.59646
      14.84   -16.68545
      14.85   -14.62351
      14.86   -12.48716
      14.87   -10.33884
      14.88    -8.22871
      14.89    -6.19032
       14.9    -4.23971
      14.91      -2.372
      14.92    -0.56933
      14.93     1.19161
      14.94     2.93566
      14.95     4.68106
      14.96     6.42579
      14.97     8.14568
      14.98     9.79726
      14.99    11.32125
        15.    12.65203
      15.01    13.73929
      15.02    14.56166
      15.03    15.11325
      15.04    15.40091
      15.05    15.43896
      15.06    15.24038
      15.07    14.81686
      15.08    14.18428
      15.09    13.35668
       15.1     12.3363
      15.11    11.11357
      15.12     9.67512
      15.13     8.00874
      15.14     6.10697
      15.15     3.97334
      15.16      1.6333
      15.17    -0.86444
      15.18    -3.45498
      15.19    -6.07367
       15.2    -8.66343
      15.21   -11.16896
      15.22      -13.54
      15.23   -15.73396
      15.24    -17.7123
      15.25   -19.43816
      15.26   -20.87213
      15.27   -21.97008
      15.28   -22.69367
      15.29   -23.00793
       15.3   -22.89157
      15.31    -22.3556
      15.32   -21.43666
      15.33   -20.18407
      15.34   -18.65492
      15.35   -16.91536
      15.36   -15.03362
      15.37    -13.0718
      15.38   -11.07143
      15.39    -9.04673
       15.4    -6.98943
      15.41    -4.88135
      15.42    -2.70208
      15.43     -0.4438
      15.44     1.87082
      15.45     4.18552
      15.46     6.41536
      15.47     8.46219
      15.48    10.24433
      15.49    11.71525
       15.5    12.86122
      15.51    13.69329
      15.52    14.24054
      15.53    14.53832
      15.54    14.61293
      15.55    14.47788
      15.56    14.13288
      15.57    13.57411
      15.58    12.79747
      15.59    11.79797
       15.6    10.57808
      15.61     9.15324
      15.62     7.55509
      15.63     5.83214
      15.64     4.04633
      15.65     2.25563
      15.66     0.49942
      15.67    -1.19811
      15.68    -2.82591
      15.69    -4.37706
       15.7    -5.84468
      15.71    -7.21892
      15.72    -8.47931
      15.73     -9.5965
      15.74   -10.54299
      15.75   -11.30071
      15.76    -11.8623
      15.77   -12.23054
      15.78   -12.41006
      15.79   -12.40423
       15.8   -12.21479
      15.81   -11.84224
      15.82   -11.29041
      15.83   -10.56421
      15.84    -9.66895
      15.85    -8.61377
      15.86    -7.41832
      15.87    -6.11046
      15.88    -4.72174
      15.89    -3.28043
       15.9    -1.80277
      15.91     -0.2893
      15.92     1.25866
      15.93     2.82064
      15.94     4.36155
      15.95     5.83904
      15.96     7.21557
      15.97      8.4667
      15.98     9.58382
      15.99    10.57948
        16.    11.48272
      16.01    12.32552
      16.02    13.12618
      16.03    13.88653
      16.04    14.59205
      16.05    15.21749
      16.06    15.72921
      16.07    16.08966
      16.08    16.26523
      16.09    16.22409
       16.1    15.93974
      16.11    15.40548
      16.12    14.64682
      16.13    13.72094
      16.14    12.70534
      16.15    11.67283
      16.16    10.67312
      16.17      9.7373
      16.18     8.87618
      16.19     8.07728
       16.2     7.31124
      16.21     6.53738
      16.22     5.71181
      16.23     4.79494
      16.24     3.76173
      16.25     2.60728
      16.26     1.35267
      16.27     0.04811
      16.28    -1.23492
      16.29    -2.42204
       16.3    -3.44929
      16.31    -4.27202
      16.32    -4.87354
      16.33    -5.26676
      16.34    -5.49455
      16.35    -5.62053
      16.36    -5.72256
      16.37    -5.86973
      16.38    -6.11124
      16.39    -6.47585
       16.4    -6.96379
      16.41    -7.54821
      16.42    -8.18087
      16.43    -8.79909
      16.44    -9.33349
      16.45    -9.72466
      16.46    -9.93284
      16.47    -9.94346
      16.48    -9.76586
      16.49    -9.42878
       16.5    -8.97687
      16.51    -8.46568
      16.52    -7.94655
      16.53    -7.45328
      16.54    -7.00026
      16.55    -6.58152
      16.56    -6.17812
      16.57     -5.7672
      16.58    -5.32751
      16.59    -4.83755
       16.6     -4.2768
      16.61    -3.62986
      16.62    -2.88759
      16.63    -2.04843
      16.64    -1.12294
      16.65    -0.12984
      16.66      0.9027
      16.67     1.93763
      16.68     2.93798
      16.69     3.87189
       16.7     4.72331
      16.71     5.49464
      16.72     6.19796
      16.73     6.84834
      16.74     7.46004
      16.75     8.03508
      16.76     8.56162
      16.77     9.01474
      16.78     9.37168
      16.79     9.61835
       16.8     9.74726
      16.81     9.75119
      16.82      9.6201
      16.83     9.33794
      16.84     8.88999
      16.85     8.26665
      16.86     7.47029
      16.87     6.52258
      16.88     5.46372
      16.89     4.34358
       16.9      3.2042
      16.91     2.07514
      16.92       0.973
      16.93    -0.09267
      16.94    -1.11861
      16.95    -2.10054
      16.96    -3.03786
      16.97    -3.93013
      16.98    -4.76179
      16.99     -5.5066
        17.    -6.13422
      17.01    -6.62193
      17.02    -6.96488
      17.03    -7.17873
      17.04    -7.29278
      17.05    -7.34403
      17.06    -7.35638
      17.07    -7.33439
      17.08    -7.26466
      17.09    -7.11312
       17.1    -6.83196
      17.11    -6.37786
      17.12    -5.73285
      17.13    -4.90671
      17.14    -3.92851
      17.15    -2.84542
      17.16    -1.70915
      17.17    -0.56116
      17.18     0.57084
      17.19     1.67108
       17.2     2.72811
      17.21     3.73046
      17.22     4.66366
      17.23     5.50413
      17.24      6.2191
      17.25     6.76683
      17.26     7.10714
      17.27     7.21546
      17.28     7.08721
      17.29     6.73903
       17.3     6.20426
      17.31     5.51952
      17.32     4.71935
      17.33     3.82703
      17.34     2.84545
      17.35     1.76812
      17.36     0.58818
      17.37    -0.69564
      17.38    -2.07629
      17.39    -3.53726
       17.4    -5.05429
      17.41    -6.59485
      17.42    -8.11928
      17.43     -9.5904
      17.44   -10.97314
      17.45   -12.23499
      17.46   -13.34364
      17.47   -14.26786
      17.48   -14.98174
      17.49    -15.4747
       17.5   -15.75993
      17.51   -15.86073
      17.52   -15.80163
      17.53   -15.60051
      17.54   -15.26442
      17.55   -14.78776
      17.56   -14.15873
      17.57   -13.36657
      17.58   -12.40962
      17.59   -11.29214
       17.6   -10.02693
      17.61    -8.63718
      17.62    -7.15139
      17.63    -5.59979
      17.64    -4.00801
      17.65    -2.39649
      17.66    -0.77985
      17.67     0.83923
      17.68     2.46346
      17.69     4.08758
       17.7     5.69526
      17.71     7.25679
      17.72     8.74259
      17.73    10.12821
      17.74    11.39737
      17.75    12.53859
      17.76    13.53352
      17.77     14.3594
      17.78    14.98923
      17.79    15.38772
       17.8    15.51277
      17.81    15.32352
      17.82    14.79684
      17.83    13.93206
      17.84    12.75244
      17.85    11.29887
      17.86     9.62036
      17.87     7.77657
      17.88     5.83051
      17.89     3.84384
       17.9     1.87761
      17.91    -0.00963
      17.92     -1.7776
      17.93    -3.40335
      17.94    -4.87227
      17.95    -6.18064
      17.96    -7.33405
      17.97    -8.34102
      17.98    -9.21324
      17.99    -9.95795
        18.   -10.57511
      18.01   -11.05629
      18.02   -11.38877
      18.03   -11.55791
      18.04   -11.54784
      18.05   -11.35166
      18.06   -10.97293
      18.07   -10.42367
      18.08    -9.71937
      18.09    -8.87676
       18.1    -7.90877
      18.11    -6.82122
      18.12    -5.61275
      18.13    -4.28192
      18.14    -2.82584
      18.15    -1.24336
      18.16     0.46461
      18.17     2.29442
      18.18     4.23603
      18.19     6.27164
       18.2     8.37272
      18.21    10.50294
      18.22    12.62557
      18.23    14.69972
      18.24    16.67487
      18.25     18.4991
      18.26    20.11189
      18.27     21.4325
      18.28    22.37915
      18.29    22.89355
       18.3    22.94978
      18.31    22.55862
      18.32    21.76534
      18.33    20.63558
      18.34    19.24038
      18.35    17.64457
      18.36    15.90013
      18.37    14.04998
      18.38    12.13259
      18.39    10.18509
       18.4     8.24571
      18.41      6.3449
      18.42     4.50302
      18.43     2.73621
      18.44     1.05569
      18.45    -0.53145
      18.46    -2.01829
      18.47    -3.39917
      18.48    -4.66828
      18.49    -5.81707
       18.5    -6.83546
      18.51    -7.71313
      18.52    -8.44148
      18.53    -9.01628
      18.54    -9.44074
      18.55    -9.72175
      18.56     -9.8691
      18.57    -9.88826
      18.58    -9.77948
      18.59    -9.53776
       18.6    -9.15152
      18.61    -8.60755
      18.62    -7.89526
      18.63    -7.00801
      18.64    -5.94959
      18.65    -4.73774
      18.66    -3.40083
      18.67    -1.97404
      18.68    -0.49525
      18.69     1.00422
       18.7      2.4953
      18.71     3.95121
      18.72     5.35154
      18.73     6.68202
      18.74     7.92904
      18.75     9.07314
      18.76    10.08938
      18.77    10.94944
      18.78     11.6264
      18.79    12.09664
       18.8    12.33959
      18.81    12.34102
      18.82    12.09295
      18.83    11.59397
      18.84    10.85421
      18.85     9.90017
      18.86     8.77532
      18.87     7.53452
      18.88     6.23915
      18.89     4.94695
       18.9     3.70205
      18.91     2.52877
      18.92     1.43944
      18.93     0.43485
      18.94    -0.49178
      18.95    -1.34798
      18.96    -2.14086
      18.97    -2.87513
      18.98    -3.55071
      18.99    -4.16224
        19.    -4.70026
      19.01    -5.15627
      19.02    -5.52436
      19.03    -5.80348
      19.04    -6.00154
      19.05    -6.13812
      19.06    -6.23416
      19.07    -6.30634
      19.08    -6.36336
      19.09    -6.40129
       19.1    -6.41039
      19.11     -6.3749
      19.12    -6.27897
      19.13    -6.11125
      19.14    -5.86691
      19.15    -5.54728
      19.16     -5.1576
      19.17    -4.70899
      19.18    -4.21202
      19.19    -3.67889
       19.2    -3.12885
      19.21    -2.58522
      19.22    -2.07269
      19.23    -1.61731
      19.24     -1.2441
      19.25    -0.97308
      19.26    -0.82032
      19.27    -0.79435
      19.28    -0.89632
      19.29    -1.12404
       19.3    -1.47036
      19.31    -1.91814
      19.32     -2.4398
      19.33    -3.00147
      19.34    -3.56211
      19.35    -4.08767
      19.36    -4.55566
      19.37    -4.95778
      19.38    -5.29577
      19.39    -5.57885
       19.4    -5.81576
      19.41    -6.01071
      19.42     -6.1657
      19.43    -6.27917
      19.44     -6.3453
      19.45    -6.36068
      19.46    -6.32554
      19.47    -6.24648
      19.48    -6.13979
      19.49    -6.02616
       19.5    -5.92995
      19.51    -5.87679
      19.52    -5.88381
      19.53    -5.95345
      19.54    -6.07161
      19.55    -6.20801
      19.56    -6.32423
      19.57    -6.38278
      19.58     -6.3511
      19.59    -6.20477
       19.6    -5.92781
      19.61    -5.51115
      19.62    -4.95636
      19.63    -4.27543
      19.64    -3.49312
      19.65    -2.64353
      19.66    -1.76142
      19.67    -0.87437
      19.68  -9.177E-05
      19.69     0.85348
       19.7     1.68082
      19.71     2.47154
      19.72     3.21167
      19.73      3.8885
      19.74     4.48998
      19.75     5.01054
      19.76     5.45238
      19.77     5.81908
      19.78     6.11447
      19.79     6.34198
       19.8     6.50156
      19.81     6.59119
      19.82     6.61406
      19.83     6.57664
      19.84     6.48518
      19.85      6.3426
      19.86     6.14775
      19.87     5.89648
      19.88     5.57765
      19.89     5.17626
       19.9     4.68114
      19.91     4.08334
      19.92      3.3753
      19.93     2.55349
      19.94     1.62406
      19.95     0.60398
      19.96    -0.48326
      19.97    -1.61193
      19.98    -2.75073
      19.99    -3.86267
        20.    -4.91385
