         0.          0.
       0.01   2.295E-05
       0.02   8.901E-05
       0.03   1.933E-04
       0.04   3.282E-04
       0.05   4.857E-04
       0.06   6.564E-04
       0.07   8.321E-04
       0.08     0.00101
       0.09     0.00117
        0.1     0.00133
       0.11     0.00147
       0.12     0.00161
       0.13     0.00173
       0.14     0.00185
       0.15     0.00197
       0.16     0.00207
       0.17     0.00217
       0.18     0.00226
       0.19     0.00235
        0.2     0.00242
       0.21     0.00249
       0.22     0.00253
       0.23     0.00256
       0.24     0.00256
       0.25     0.00255
       0.26     0.00252
       0.27     0.00247
       0.28     0.00239
       0.29      0.0023
        0.3      0.0022
       0.31     0.00209
       0.32     0.00197
       0.33     0.00185
       0.34     0.00171
       0.35     0.00153
       0.36     0.00133
       0.37      0.0011
       0.38   8.503E-04
       0.39   6.055E-04
        0.4   3.714E-04
       0.41   1.397E-04
       0.42  -8.695E-05
       0.43  -2.907E-04
       0.44  -4.571E-04
       0.45  -5.787E-04
       0.46  -6.663E-04
       0.47  -7.246E-04
       0.48  -7.512E-04
       0.49  -7.321E-04
        0.5  -6.614E-04
       0.51  -5.445E-04
       0.52  -4.059E-04
       0.53  -3.025E-04
       0.54  -2.979E-04
       0.55  -3.863E-04
       0.56  -5.135E-04
       0.57  -6.238E-04
       0.58  -6.822E-04
       0.59  -6.808E-04
        0.6  -6.418E-04
       0.61  -5.929E-04
       0.62  -5.606E-04
       0.63  -5.252E-04
       0.64  -4.245E-04
       0.65  -2.172E-04
       0.66   8.954E-05
       0.67   4.541E-04
       0.68   8.502E-04
       0.69     0.00131
        0.7     0.00188
       0.71      0.0026
       0.72     0.00341
       0.73      0.0042
       0.74      0.0048
       0.75     0.00509
       0.76     0.00503
       0.77     0.00465
       0.78     0.00408
       0.79      0.0035
        0.8     0.00297
       0.81     0.00251
       0.82     0.00214
       0.83      0.0019
       0.84     0.00172
       0.85     0.00147
       0.86     0.00102
       0.87   3.296E-04
       0.88  -5.121E-04
       0.89    -0.00132
        0.9    -0.00186
       0.91    -0.00199
       0.92    -0.00174
       0.93    -0.00127
       0.94  -8.277E-04
       0.95  -5.553E-04
       0.96  -4.766E-04
       0.97  -4.932E-04
       0.98  -5.086E-04
       0.99  -5.349E-04
         1.  -6.611E-04
       1.01  -9.076E-04
       1.02    -0.00121
       1.03    -0.00143
       1.04    -0.00144
       1.05     -0.0012
       1.06  -9.025E-04
       1.07  -7.126E-04
       1.08  -6.700E-04
       1.09  -7.213E-04
        1.1  -8.333E-04
       1.11    -0.00102
       1.12    -0.00133
       1.13    -0.00179
       1.14     -0.0024
       1.15     -0.0031
       1.16    -0.00392
       1.17    -0.00488
       1.18    -0.00587
       1.19    -0.00673
        1.2     -0.0073
       1.21    -0.00745
       1.22    -0.00713
       1.23    -0.00654
       1.24    -0.00619
       1.25    -0.00649
       1.26    -0.00744
       1.27     -0.0088
       1.28    -0.01031
       1.29    -0.01189
        1.3    -0.01353
       1.31    -0.01512
       1.32    -0.01648
       1.33    -0.01739
       1.34    -0.01778
       1.35    -0.01783
       1.36    -0.01767
       1.37    -0.01718
       1.38    -0.01605
       1.39    -0.01412
        1.4    -0.01158
       1.41    -0.00872
       1.42    -0.00581
       1.43    -0.00307
       1.44  -7.647E-04
       1.45   8.485E-04
       1.46     0.00155
       1.47     0.00131
       1.48   3.450E-04
       1.49    -0.00103
        1.5    -0.00254
       1.51    -0.00386
       1.52    -0.00469
       1.53     -0.0049
       1.54    -0.00466
       1.55    -0.00421
       1.56    -0.00381
       1.57    -0.00361
       1.58    -0.00377
       1.59    -0.00442
        1.6    -0.00543
       1.61    -0.00654
       1.62    -0.00748
       1.63     -0.0079
       1.64    -0.00749
       1.65    -0.00617
       1.66    -0.00409
       1.67    -0.00155
       1.68     0.00104
       1.69     0.00322
        1.7      0.0045
       1.71     0.00446
       1.72     0.00285
       1.73  -3.706E-04
       1.74    -0.00501
       1.75    -0.01058
       1.76     -0.0165
       1.77    -0.02214
       1.78      -0.027
       1.79    -0.03096
        1.8    -0.03418
       1.81    -0.03675
       1.82    -0.03842
       1.83    -0.03861
       1.84    -0.03702
       1.85    -0.03372
       1.86    -0.02906
       1.87    -0.02347
       1.88    -0.01757
       1.89    -0.01214
        1.9     -0.0079
       1.91    -0.00523
       1.92    -0.00402
       1.93    -0.00394
       1.94    -0.00486
       1.95    -0.00679
       1.96    -0.00967
       1.97    -0.01317
       1.98    -0.01663
       1.99    -0.01911
         2.    -0.01958
       2.01    -0.01757
       2.02     -0.0133
       2.03    -0.00727
       2.04   2.013E-04
       2.05     0.00888
       2.06     0.01821
       2.07     0.02704
       2.08     0.03412
       2.09      0.0387
        2.1     0.04063
       2.11     0.04019
       2.12     0.03813
       2.13     0.03527
       2.14     0.03199
       2.15     0.02836
       2.16     0.02469
       2.17     0.02154
       2.18     0.01928
       2.19     0.01783
        2.2     0.01693
       2.21      0.0162
       2.22       0.015
       2.23     0.01256
       2.24     0.00854
       2.25     0.00312
       2.26    -0.00327
       2.27    -0.01026
       2.28    -0.01746
       2.29    -0.02442
        2.3     -0.0306
       2.31    -0.03538
       2.32    -0.03807
       2.33     -0.0381
       2.34    -0.03542
       2.35    -0.03038
       2.36    -0.02353
       2.37    -0.01551
       2.38    -0.00723
       2.39   3.926E-04
        2.4     0.00666
       2.41     0.01101
       2.42      0.0131
       2.43     0.01309
       2.44     0.01201
       2.45     0.01145
       2.46     0.01274
       2.47     0.01665
       2.48     0.02336
       2.49     0.03249
        2.5      0.0431
       2.51     0.05384
       2.52     0.06338
       2.53     0.07087
       2.54     0.07607
       2.55     0.07915
       2.56     0.08036
       2.57     0.07992
       2.58     0.07809
       2.59      0.0753
        2.6     0.07209
       2.61     0.06892
       2.62     0.06604
       2.63     0.06326
       2.64     0.06012
       2.65     0.05625
       2.66     0.05125
       2.67     0.04498
       2.68     0.03792
       2.69     0.03118
        2.7     0.02566
       2.71     0.02149
       2.72     0.01848
       2.73     0.01666
       2.74     0.01645
       2.75     0.01842
       2.76     0.02295
       2.77     0.03009
       2.78     0.03974
       2.79      0.0517
        2.8     0.06553
       2.81      0.0805
       2.82     0.09584
       2.83     0.11099
       2.84      0.1257
       2.85     0.13986
       2.86     0.15335
       2.87     0.16602
       2.88     0.17779
       2.89     0.18852
        2.9     0.19808
       2.91      0.2063
       2.92     0.21312
       2.93     0.21849
       2.94     0.22238
       2.95     0.22449
       2.96     0.22397
       2.97     0.21943
       2.98     0.20961
       2.99     0.19428
         3.     0.17413
       3.01     0.15042
       3.02     0.12473
       3.03     0.09858
       3.04     0.07298
       3.05     0.04837
       3.06      0.0247
       3.07     0.00161
       3.08    -0.02155
       3.09    -0.04551
        3.1    -0.07085
       3.11    -0.09774
       3.12    -0.12583
       3.13    -0.15379
       3.14     -0.1788
       3.15     -0.1976
       3.16    -0.20808
       3.17    -0.20965
       3.18    -0.20276
       3.19    -0.18839
        3.2    -0.16774
       3.21    -0.14217
       3.22    -0.11294
       3.23    -0.08107
       3.24    -0.04736
       3.25    -0.01239
       3.26     0.02332
       3.27     0.05924
       3.28     0.09439
       3.29     0.12755
        3.3     0.15795
       3.31     0.18549
       3.32     0.21045
       3.33     0.23324
       3.34     0.25425
       3.35      0.2737
       3.36     0.29147
       3.37     0.30716
       3.38     0.32015
       3.39     0.32947
        3.4     0.33375
       3.41     0.33129
       3.42     0.32042
       3.43     0.29979
       3.44     0.26843
       3.45     0.22608
       3.46      0.1737
       3.47     0.11394
       3.48     0.05152
       3.49    -0.00759
        3.5    -0.05983
       3.51     -0.1045
       3.52    -0.14237
       3.53    -0.17539
       3.54    -0.20689
       3.55    -0.24099
       3.56    -0.28048
       3.57    -0.32587
       3.58    -0.37602
       3.59    -0.42879
        3.6    -0.48141
       3.61    -0.53091
       3.62    -0.57448
       3.63    -0.60982
       3.64    -0.63555
       3.65    -0.65146
       3.66    -0.65826
       3.67    -0.65726
       3.68    -0.64996
       3.69    -0.63799
        3.7    -0.62285
       3.71    -0.60546
       3.72    -0.58526
       3.73    -0.55954
       3.74    -0.52553
       3.75    -0.48259
       3.76    -0.43172
       3.77      -0.375
       3.78    -0.31545
       3.79    -0.25594
        3.8    -0.19834
       3.81    -0.14363
       3.82    -0.09206
       3.83    -0.04321
       3.84     0.00377
       3.85     0.04972
       3.86     0.09549
       3.87       0.142
       3.88     0.18977
       3.89     0.23831
        3.9      0.2861
       3.91     0.33078
       3.92     0.36926
       3.93     0.39779
       3.94     0.41275
       3.95     0.41208
       3.96      0.3962
       3.97     0.36723
       3.98     0.32813
       3.99     0.28222
         4.     0.23279
       4.01     0.18282
       4.02     0.13417
       4.03     0.08762
       4.04     0.04355
       4.05     0.00228
       4.06    -0.03643
       4.07    -0.07373
       4.08    -0.11162
       4.09    -0.15259
        4.1    -0.19881
       4.11    -0.25143
       4.12    -0.31051
       4.13    -0.37461
       4.14    -0.44082
       4.15    -0.50539
       4.16    -0.56446
       4.17    -0.61438
       4.18    -0.65196
       4.19    -0.67469
        4.2    -0.68121
       4.21     -0.6716
       4.22    -0.64732
       4.23    -0.61077
       4.24    -0.56478
       4.25    -0.51209
       4.26    -0.45496
       4.27    -0.39518
       4.28     -0.3341
       4.29     -0.2723
        4.3    -0.20918
       4.31    -0.14343
       4.32    -0.07364
       4.33     0.00144
       4.34     0.08263
       4.35     0.16955
       4.36     0.26042
       4.37     0.35246
       4.38     0.44205
       4.39     0.52535
        4.4     0.59887
       4.41     0.65992
       4.42     0.70722
       4.43     0.74134
       4.44     0.76441
       4.45     0.77896
       4.46     0.78722
       4.47     0.79109
       4.48     0.79203
       4.49     0.79096
        4.5     0.78816
       4.51      0.7833
       4.52      0.7755
       4.53     0.76347
       4.54     0.74573
       4.55     0.72075
       4.56     0.68719
       4.57      0.6442
       4.58     0.59145
       4.59     0.52886
        4.6     0.45615
       4.61     0.37313
       4.62     0.28103
       4.63     0.18286
       4.64     0.08244
       4.65    -0.01644
       4.66    -0.11048
       4.67    -0.19719
       4.68    -0.27504
       4.69    -0.34333
        4.7    -0.40209
       4.71    -0.45173
       4.72    -0.49265
       4.73    -0.52491
       4.74    -0.54824
       4.75    -0.56238
       4.76    -0.56743
       4.77    -0.56391
       4.78    -0.55276
       4.79    -0.53556
        4.8    -0.51409
       4.81    -0.48992
       4.82    -0.46437
       4.83    -0.43824
       4.84    -0.41144
       4.85    -0.38318
       4.86    -0.35254
       4.87    -0.31887
       4.88    -0.28208
       4.89    -0.24256
        4.9    -0.20119
       4.91    -0.15924
       4.92    -0.11797
       4.93    -0.07814
       4.94    -0.03965
       4.95  -8.708E-04
       4.96     0.04051
       4.97     0.08648
       4.98     0.13778
       4.99     0.19352
         5.     0.25202
       5.01       0.311
       5.02     0.36762
       5.03     0.41911
       5.04     0.46319
       5.05     0.49811
       5.06     0.52248
       5.07     0.53522
       5.08     0.53588
       5.09     0.52514
        5.1      0.5047
       5.11     0.47683
       5.12     0.44385
       5.13       0.408
       5.14     0.37145
       5.15     0.33603
       5.16     0.30305
       5.17      0.2733
       5.18     0.24709
       5.19     0.22426
        5.2     0.20414
       5.21      0.1856
       5.22     0.16726
       5.23     0.14783
       5.24     0.12629
       5.25     0.10216
       5.26      0.0756
       5.27     0.04727
       5.28     0.01804
       5.29    -0.01138
        5.3    -0.04083
       5.31    -0.07051
       5.32    -0.10046
       5.33    -0.13048
       5.34    -0.16034
       5.35     -0.1899
       5.36     -0.2189
       5.37    -0.24691
       5.38    -0.27354
       5.39    -0.29868
        5.4    -0.32249
       5.41    -0.34507
       5.42    -0.36644
       5.43    -0.38622
       5.44     -0.4035
       5.45    -0.41692
       5.46    -0.42462
       5.47    -0.42436
       5.48     -0.4146
       5.49    -0.39514
        5.5    -0.36688
       5.51     -0.3317
       5.52    -0.29212
       5.53    -0.25065
       5.54    -0.20919
       5.55    -0.16904
       5.56    -0.13148
       5.57    -0.09824
       5.58    -0.07098
       5.59    -0.04969
        5.6    -0.03287
       5.61    -0.01851
       5.62    -0.00445
       5.63     0.01124
       5.64     0.03004
       5.65     0.05259
       5.66      0.0783
       5.67      0.1055
       5.68      0.1321
       5.69     0.15647
        5.7     0.17765
       5.71      0.1955
       5.72     0.21056
       5.73     0.22355
       5.74     0.23491
       5.75     0.24462
       5.76     0.25164
       5.77     0.25447
       5.78     0.25179
       5.79       0.243
        5.8     0.22853
       5.81      0.2092
       5.82     0.18538
       5.83     0.15672
       5.84     0.12241
       5.85     0.08171
       5.86      0.0344
       5.87    -0.01902
       5.88    -0.07715
       5.89    -0.13786
        5.9    -0.19862
       5.91    -0.25703
       5.92    -0.31112
       5.93    -0.35938
       5.94    -0.40059
       5.95    -0.43373
       5.96    -0.45762
       5.97    -0.47124
       5.98    -0.47406
       5.99    -0.46616
         6.    -0.44813
       6.01    -0.42128
       6.02    -0.38765
       6.03    -0.34971
       6.04    -0.30968
       6.05    -0.26921
       6.06    -0.22951
       6.07    -0.19159
       6.08    -0.15588
       6.09    -0.12176
        6.1    -0.08792
       6.11    -0.05312
       6.12    -0.01696
       6.13     0.02009
       6.14     0.05745
       6.15     0.09513
       6.16     0.13386
       6.17     0.17477
       6.18     0.21872
       6.19     0.26604
        6.2     0.31635
       6.21     0.36862
       6.22     0.42141
       6.23     0.47302
       6.24     0.52189
       6.25     0.56671
       6.26     0.60636
       6.27     0.63971
       6.28     0.66525
       6.29     0.68079
        6.3     0.68435
       6.31     0.67548
       6.32     0.65483
       6.33     0.62348
       6.34     0.58251
       6.35     0.53245
       6.36     0.47336
       6.37     0.40632
       6.38     0.33329
       6.39     0.25638
        6.4     0.17763
       6.41     0.09891
       6.42     0.02182
       6.43     -0.0524
       6.44    -0.12307
       6.45    -0.18981
       6.46    -0.25235
       6.47    -0.31062
       6.48    -0.36444
       6.49    -0.41273
        6.5    -0.45385
       6.51      -0.487
       6.52     -0.5129
       6.53    -0.53329
       6.54    -0.55042
       6.55    -0.56654
       6.56    -0.58321
       6.57    -0.60131
       6.58    -0.62125
       6.59    -0.64241
        6.6    -0.66294
       6.61    -0.68022
       6.62    -0.69167
       6.63     -0.6954
       6.64     -0.6901
       6.65    -0.67491
       6.66    -0.64916
       6.67    -0.61212
       6.68    -0.56307
       6.69    -0.50183
        6.7    -0.42886
       6.71    -0.34538
       6.72     -0.2538
       6.73    -0.15738
       6.74    -0.05975
       6.75     0.03569
       6.76     0.12607
       6.77     0.20882
       6.78     0.28146
       6.79     0.34213
        6.8      0.3902
       6.81     0.42582
       6.82     0.44968
       6.83     0.46317
       6.84     0.46859
       6.85     0.46874
       6.86     0.46606
       6.87      0.4625
       6.88     0.45933
       6.89     0.45697
        6.9     0.45518
       6.91      0.4535
       6.92      0.4514
       6.93     0.44826
       6.94     0.44352
       6.95     0.43686
       6.96     0.42817
       6.97     0.41708
       6.98     0.40249
       6.99     0.38327
         7.     0.35928
       7.01      0.3311
       7.02     0.29965
       7.03     0.26627
       7.04      0.2321
       7.05     0.19758
       7.06     0.16244
       7.07     0.12604
       7.08     0.08724
       7.09      0.0448
        7.1    -0.00189
       7.11    -0.05212
       7.12    -0.10366
       7.13    -0.15335
       7.14    -0.19784
       7.15    -0.23431
       7.16    -0.26093
       7.17    -0.27703
       7.18    -0.28343
       7.19    -0.28237
        7.2    -0.27689
       7.21    -0.27009
       7.22    -0.26468
       7.23    -0.26258
       7.24    -0.26398
       7.25    -0.26616
       7.26    -0.26532
       7.27    -0.25802
       7.28    -0.24292
       7.29    -0.22099
        7.3    -0.19434
       7.31    -0.16487
       7.32    -0.13322
       7.33    -0.09909
       7.34     -0.0618
       7.35    -0.02085
       7.36     0.02386
       7.37     0.07203
       7.38     0.12299
       7.39     0.17584
        7.4      0.2297
       7.41     0.28393
       7.42     0.33814
       7.43     0.39183
       7.44     0.44431
       7.45     0.49418
       7.46     0.53946
       7.47     0.57848
       7.48     0.60979
       7.49     0.63241
        7.5     0.64615
       7.51     0.65124
       7.52     0.64777
       7.53      0.6356
       7.54     0.61485
       7.55     0.58606
       7.56     0.55006
       7.57     0.50781
       7.58     0.46029
       7.59     0.40836
        7.6     0.35264
       7.61     0.29353
       7.62     0.23112
       7.63     0.16522
       7.64     0.09584
       7.65     0.02369
       7.66    -0.05013
       7.67    -0.12447
       7.68    -0.19837
       7.69    -0.27126
        7.7    -0.34277
       7.71    -0.41282
       7.72    -0.48142
       7.73    -0.54855
       7.74    -0.61381
       7.75    -0.67616
       7.76    -0.73399
       7.77     -0.7848
       7.78    -0.82567
       7.79    -0.85405
        7.8    -0.86795
       7.81    -0.86599
       7.82    -0.84757
       7.83    -0.81323
       7.84    -0.76467
       7.85    -0.70436
       7.86     -0.6352
       7.87    -0.56047
       7.88    -0.48346
       7.89    -0.40665
        7.9    -0.33147
       7.91    -0.25847
       7.92    -0.18734
       7.93    -0.11715
       7.94     -0.0471
       7.95     0.02284
       7.96      0.0917
       7.97     0.15778
       7.98     0.21912
       7.99     0.27407
         8.     0.32161
       8.01     0.36168
       8.02     0.39541
       8.03     0.42438
       8.04     0.45014
       8.05     0.47369
       8.06     0.49516
       8.07     0.51374
       8.08     0.52798
       8.09     0.53631
        8.1     0.53741
       8.11     0.53025
       8.12     0.51405
       8.13     0.48811
       8.14     0.45174
       8.15     0.40438
       8.16     0.34581
       8.17     0.27677
       8.18     0.19946
       8.19     0.11712
        8.2     0.03279
       8.21    -0.05133
       8.22    -0.13348
       8.23    -0.21226
       8.24    -0.28648
       8.25    -0.35517
       8.26    -0.41741
       8.27    -0.47216
       8.28    -0.51837
       8.29    -0.55531
        8.3    -0.58276
       8.31    -0.60111
       8.32    -0.61105
       8.33    -0.61347
       8.34     -0.6094
       8.35     -0.6001
       8.36    -0.58709
       8.37    -0.57223
       8.38    -0.55735
       8.39    -0.54399
        8.4    -0.53314
       8.41    -0.52506
       8.42    -0.51919
       8.43    -0.51437
       8.44    -0.50897
       8.45    -0.50111
       8.46    -0.48924
       8.47    -0.47257
       8.48    -0.45119
       8.49    -0.42578
        8.5    -0.39719
       8.51     -0.3658
       8.52    -0.33131
       8.53    -0.29314
       8.54    -0.25008
       8.55    -0.19988
       8.56    -0.14063
       8.57    -0.07186
       8.58     0.00532
       8.59     0.08835
        8.6     0.17411
       8.61     0.25973
       8.62     0.34294
       8.63     0.42194
       8.64      0.4957
       8.65     0.56393
       8.66     0.62666
       8.67     0.68403
       8.68     0.73632
       8.69     0.78361
        8.7     0.82574
       8.71     0.86273
       8.72     0.89469
       8.73     0.92138
       8.74     0.94214
       8.75      0.9563
       8.76      0.9632
       8.77     0.96219
       8.78     0.95264
       8.79     0.93401
        8.8     0.90599
       8.81     0.86852
       8.82     0.82176
       8.83     0.76617
       8.84     0.70255
       8.85      0.6319
       8.86     0.55511
       8.87     0.47276
       8.88     0.38531
       8.89     0.29316
        8.9     0.19675
       8.91     0.09658
       8.92    -0.00665
       8.93     -0.1119
       8.94    -0.21792
       8.95    -0.32332
       8.96    -0.42644
       8.97    -0.52504
       8.98    -0.61639
       8.99    -0.69762
         9.    -0.76616
       9.01    -0.82011
       9.02    -0.85839
       9.03    -0.88082
       9.04    -0.88799
       9.05    -0.88103
       9.06    -0.86151
       9.07    -0.83132
       9.08    -0.79257
       9.09    -0.74733
        9.1    -0.69741
       9.11    -0.64409
       9.12    -0.58778
       9.13    -0.52797
       9.14    -0.46323
       9.15      -0.392
       9.16    -0.31384
       9.17    -0.22981
       9.18    -0.14175
       9.19    -0.05201
        9.2     0.03645
       9.21     0.12059
       9.22     0.19832
       9.23     0.26932
       9.24     0.33455
       9.25     0.39528
       9.26     0.45254
       9.27     0.50649
       9.28     0.55664
       9.29     0.60216
        9.3     0.64229
       9.31      0.6766
       9.32     0.70509
       9.33     0.72781
       9.34     0.74434
       9.35     0.75385
       9.36     0.75537
       9.37     0.74794
       9.38     0.73069
       9.39     0.70294
        9.4     0.66436
       9.41     0.61534
       9.42     0.55725
       9.43     0.49234
       9.44     0.42349
       9.45     0.35354
       9.46     0.28462
       9.47     0.21796
       9.48     0.15376
       9.49     0.09135
        9.5     0.02967
       9.51    -0.03233
       9.52    -0.09562
       9.53    -0.16086
       9.54    -0.22831
       9.55    -0.29777
       9.56    -0.36848
       9.57    -0.43894
       9.58    -0.50732
       9.59    -0.57172
        9.6    -0.63041
       9.61    -0.68201
       9.62     -0.7256
       9.63    -0.76054
       9.64    -0.78636
       9.65    -0.80281
       9.66    -0.80986
       9.67    -0.80767
       9.68    -0.79669
       9.69     -0.7775
        9.7    -0.75044
       9.71    -0.71555
       9.72    -0.67295
       9.73    -0.62318
       9.74     -0.5673
       9.75    -0.50666
       9.76     -0.4422
       9.77    -0.37418
       9.78    -0.30223
       9.79    -0.22589
        9.8    -0.14503
       9.81    -0.05983
       9.82     0.02901
       9.83     0.12022
       9.84     0.21223
       9.85     0.30328
       9.86     0.39147
       9.87     0.47503
       9.88     0.55247
       9.89     0.62291
        9.9     0.68614
       9.91     0.74238
       9.92     0.79194
       9.93     0.83522
       9.94     0.87252
       9.95     0.90362
       9.96     0.92697
       9.97      0.9402
       9.98     0.94128
       9.99      0.9286
        10.      0.9011
      10.01     0.85857
      10.02     0.80161
      10.03     0.73146
      10.04     0.64975
      10.05     0.55812
      10.06     0.45783
      10.07     0.34986
      10.08     0.23541
      10.09     0.11621
       10.1    -0.00545
      10.11     -0.1268
      10.12    -0.24484
      10.13    -0.35705
      10.14    -0.46183
      10.15     -0.5585
      10.16    -0.64695
      10.17    -0.72732
      10.18    -0.79947
      10.19    -0.86256
       10.2    -0.91485
      10.21    -0.95431
      10.22      -0.979
      10.23    -0.98714
      10.24    -0.97742
      10.25    -0.94951
      10.26    -0.90402
      10.27    -0.84239
      10.28    -0.76676
      10.29    -0.67977
       10.3    -0.58426
      10.31    -0.48279
      10.32    -0.37723
      10.33    -0.26884
      10.34    -0.15845
      10.35    -0.04685
      10.36     0.06482
      10.37     0.17483
      10.38     0.28117
      10.39     0.38167
       10.4     0.47415
      10.41      0.5569
      10.42     0.62873
      10.43      0.6889
      10.44     0.73701
      10.45     0.77285
      10.46     0.79618
      10.47     0.80666
      10.48     0.80388
      10.49     0.78751
       10.5      0.7575
      10.51     0.71419
      10.52     0.65836
      10.53     0.59094
      10.54     0.51282
      10.55     0.42496
      10.56     0.32861
      10.57     0.22532
      10.58      0.1169
      10.59     0.00554
       10.6    -0.10607
      10.61    -0.21479
      10.62    -0.31784
      10.63    -0.41324
      10.64    -0.49958
      10.65    -0.57603
      10.66    -0.64234
      10.67    -0.69883
      10.68    -0.74616
      10.69    -0.78466
       10.7    -0.81394
      10.71    -0.83289
      10.72    -0.83981
      10.73     -0.8327
      10.74    -0.81023
      10.75    -0.77211
      10.76    -0.71919
      10.77    -0.65332
      10.78    -0.57742
      10.79    -0.49478
       10.8    -0.40822
      10.81    -0.31986
      10.82    -0.23102
      10.83    -0.14242
      10.84    -0.05447
      10.85     0.03231
      10.86     0.11728
      10.87      0.1998
      10.88     0.27918
      10.89     0.35478
       10.9     0.42613
      10.91      0.4928
      10.92     0.55433
      10.93     0.61038
      10.94     0.66067
      10.95     0.70486
      10.96     0.74246
      10.97     0.77268
      10.98     0.79449
      10.99     0.80684
        11.     0.80877
      11.01     0.79962
      11.02     0.77915
      11.03     0.74759
      11.04     0.70556
      11.05     0.65401
      11.06     0.59411
      11.07     0.52719
      11.08     0.45443
      11.09     0.37691
       11.1     0.29583
      11.11     0.21243
      11.12     0.12784
      11.13     0.04299
      11.14     -0.0413
      11.15    -0.12421
      11.16    -0.20463
      11.17    -0.28108
      11.18    -0.35167
      11.19    -0.41431
       11.2    -0.46703
      11.21    -0.50827
      11.22     -0.5372
      11.23    -0.55382
      11.24    -0.55876
      11.25     -0.5532
      11.26    -0.53856
      11.27    -0.51619
      11.28    -0.48726
      11.29    -0.45284
       11.3    -0.41398
      11.31    -0.37172
      11.32    -0.32684
      11.33    -0.27983
      11.34    -0.23104
      11.35    -0.18066
      11.36    -0.12862
      11.37    -0.07467
      11.38    -0.01848
      11.39     0.04029
       11.4     0.10154
      11.41     0.16451
      11.42     0.22776
      11.43      0.2893
      11.44     0.34669
      11.45     0.39741
      11.46     0.43907
      11.47     0.46957
      11.48     0.48739
      11.49     0.49177
       11.5     0.48267
      11.51      0.4605
      11.52     0.42618
      11.53     0.38088
      11.54     0.32585
      11.55     0.26233
      11.56     0.19159
      11.57     0.11525
      11.58     0.03576
      11.59    -0.04384
       11.6     -0.1207
      11.61    -0.19237
      11.62    -0.25696
      11.63    -0.31325
      11.64    -0.36058
      11.65    -0.39876
      11.66    -0.42786
      11.67    -0.44808
      11.68    -0.45959
      11.69     -0.4625
       11.7    -0.45706
      11.71    -0.44373
      11.72    -0.42356
      11.73     -0.3982
      11.74    -0.36956
      11.75    -0.33955
      11.76    -0.30991
      11.77    -0.28201
      11.78    -0.25647
      11.79     -0.2331
       11.8    -0.21117
      11.81     -0.1896
      11.82    -0.16701
      11.83    -0.14192
      11.84    -0.11311
      11.85    -0.07992
      11.86    -0.04216
      11.87  -6.910E-05
      11.88     0.04566
      11.89     0.09387
       11.9     0.14293
      11.91     0.19092
      11.92     0.23575
      11.93     0.27545
      11.94     0.30822
      11.95     0.33249
      11.96     0.34699
      11.97     0.35095
      11.98     0.34414
      11.99     0.32687
        12.     0.29991
      12.01      0.2644
      12.02     0.22172
      12.03     0.17329
      12.04     0.12046
      12.05     0.06448
      12.06     0.00664
      12.07     -0.0516
      12.08    -0.10863
      12.09    -0.16263
       12.1    -0.21171
      12.11    -0.25421
      12.12    -0.28886
      12.13    -0.31489
      12.14    -0.33208
      12.15     -0.3409
      12.16    -0.34243
      12.17    -0.33811
      12.18     -0.3296
      12.19    -0.31846
       12.2    -0.30594
      12.21    -0.29284
      12.22    -0.27946
      12.23    -0.26575
      12.24    -0.25141
      12.25    -0.23617
      12.26    -0.21986
      12.27    -0.20234
      12.28    -0.18344
      12.29    -0.16295
       12.3    -0.14063
      12.31    -0.11628
      12.32    -0.08971
      12.33    -0.06075
      12.34    -0.02929
      12.35     0.00478
      12.36     0.04154
      12.37     0.08093
      12.38      0.1226
      12.39     0.16574
       12.4     0.20922
      12.41     0.25165
      12.42     0.29152
      12.43     0.32729
      12.44     0.35751
      12.45     0.38087
      12.46     0.39631
      12.47     0.40318
      12.48     0.40118
      12.49     0.39053
       12.5     0.37189
      12.51     0.34637
      12.52     0.31529
      12.53     0.27998
      12.54     0.24172
      12.55     0.20172
      12.56     0.16114
      12.57     0.12116
      12.58     0.08282
      12.59     0.04709
       12.6     0.01476
      12.61    -0.01354
      12.62    -0.03736
      12.63    -0.05638
      12.64    -0.07048
      12.65    -0.07979
      12.66    -0.08457
      12.67    -0.08511
      12.68     -0.0817
      12.69    -0.07469
       12.7    -0.06465
      12.71    -0.05228
      12.72     -0.0383
      12.73     -0.0234
      12.74    -0.00823
      12.75     0.00655
      12.76     0.02017
      12.77     0.03185
      12.78     0.04119
      12.79     0.04827
       12.8     0.05342
      12.81     0.05697
      12.82     0.05912
      12.83     0.05992
      12.84      0.0594
      12.85     0.05743
      12.86     0.05373
      12.87     0.04821
      12.88     0.04088
      12.89     0.03181
       12.9     0.02119
      12.91     0.00933
      12.92    -0.00345
      12.93      -0.017
      12.94    -0.03135
      12.95    -0.04671
      12.96    -0.06328
      12.97    -0.08114
      12.98    -0.10021
      12.99    -0.12025
        13.    -0.14087
      13.01    -0.16153
      13.02    -0.18166
      13.03    -0.20075
      13.04    -0.21837
      13.05    -0.23408
      13.06    -0.24729
      13.07    -0.25723
      13.08    -0.26308
      13.09    -0.26416
       13.1    -0.26006
      13.11    -0.25078
      13.12    -0.23668
      13.13    -0.21833
      13.14    -0.19647
      13.15    -0.17169
      13.16    -0.14438
      13.17    -0.11463
      13.18    -0.08223
      13.19    -0.04699
       13.2    -0.00908
      13.21     0.03093
      13.22      0.0721
      13.23     0.11314
      13.24     0.15249
      13.25     0.18838
      13.26      0.2189
      13.27     0.24249
      13.28     0.25812
      13.29     0.26545
       13.3     0.26482
      13.31      0.2571
      13.32     0.24358
      13.33     0.22583
      13.34     0.20555
      13.35     0.18441
      13.36     0.16394
      13.37      0.1453
      13.38     0.12917
      13.39     0.11562
       13.4     0.10405
      13.41     0.09357
      13.42     0.08316
      13.43      0.0719
      13.44     0.05912
      13.45      0.0446
      13.46     0.02843
      13.47     0.01095
      13.48    -0.00764
      13.49    -0.02745
       13.5    -0.04875
      13.51     -0.0717
      13.52    -0.09626
      13.53    -0.12226
      13.54     -0.1493
      13.55    -0.17679
      13.56    -0.20392
      13.57    -0.22967
      13.58    -0.25293
      13.59    -0.27267
       13.6    -0.28801
      13.61    -0.29813
      13.62    -0.30221
      13.63    -0.29954
      13.64    -0.28971
      13.65    -0.27285
      13.66     -0.2496
      13.67    -0.22086
      13.68    -0.18763
      13.69    -0.15091
       13.7    -0.11169
      13.71    -0.07098
      13.72     -0.0298
      13.73      0.0109
      13.74     0.05025
      13.75     0.08749
      13.76     0.12198
      13.77      0.1532
      13.78     0.18087
      13.79      0.2049
       13.8     0.22554
      13.81     0.24345
      13.82     0.25954
      13.83     0.27475
      13.84      0.2898
      13.85     0.30496
      13.86     0.32013
      13.87     0.33486
      13.88     0.34846
      13.89     0.36015
       13.9     0.36915
      13.91      0.3747
      13.92     0.37611
      13.93      0.3729
      13.94     0.36472
      13.95     0.35142
      13.96     0.33297
      13.97      0.3095
      13.98     0.28124
      13.99     0.24844
        14.     0.21153
      14.01     0.17103
      14.02     0.12761
      14.03     0.08198
      14.04     0.03492
      14.05    -0.01272
      14.06    -0.06011
      14.07    -0.10639
      14.08     -0.1507
      14.09    -0.19212
       14.1    -0.22972
      14.11    -0.26265
      14.12    -0.29031
      14.13    -0.31229
      14.14    -0.32851
      14.15    -0.33909
      14.16    -0.34439
      14.17    -0.34499
      14.18    -0.34161
      14.19    -0.33503
       14.2    -0.32599
      14.21    -0.31512
      14.22    -0.30281
      14.23    -0.28913
      14.24    -0.27385
      14.25     -0.2564
      14.26    -0.23622
      14.27    -0.21301
      14.28    -0.18673
      14.29    -0.15754
       14.3    -0.12576
      14.31    -0.09172
      14.32    -0.05571
      14.33    -0.01794
      14.34     0.02117
      14.35     0.06102
      14.36     0.10087
      14.37     0.13996
      14.38     0.17752
      14.39     0.21286
       14.4     0.24535
      14.41     0.27437
      14.42     0.29936
      14.43     0.31983
      14.44     0.33538
      14.45     0.34576
      14.46     0.35089
      14.47     0.35087
      14.48     0.34594
      14.49     0.33651
       14.5     0.32303
      14.51     0.30598
      14.52     0.28588
      14.53     0.26328
      14.54     0.23878
      14.55     0.21307
      14.56     0.18689
      14.57     0.16086
      14.58     0.13536
      14.59     0.11043
       14.6     0.08568
      14.61     0.06036
      14.62     0.03382
      14.63     0.00594
      14.64    -0.02291
      14.65    -0.05205
      14.66    -0.08073
      14.67    -0.10832
      14.68    -0.13436
      14.69    -0.15861
       14.7    -0.18096
      14.71    -0.20143
      14.72    -0.22001
      14.73    -0.23654
      14.74    -0.25077
      14.75     -0.2624
      14.76    -0.27117
      14.77    -0.27676
      14.78    -0.27869
      14.79    -0.27638
       14.8    -0.26937
      14.81    -0.25761
      14.82     -0.2414
      14.83    -0.22145
      14.84    -0.19869
      14.85    -0.17414
      14.86     -0.1487
      14.87    -0.12312
      14.88    -0.09799
      14.89    -0.07372
       14.9    -0.05049
      14.91    -0.02825
      14.92    -0.00678
      14.93     0.01419
      14.94     0.03496
      14.95     0.05574
      14.96     0.07652
      14.97       0.097
      14.98     0.11667
      14.99     0.13481
        15.     0.15066
      15.01     0.16361
      15.02      0.1734
      15.03     0.17997
      15.04      0.1834
      15.05     0.18385
      15.06     0.18148
      15.07     0.17644
      15.08     0.16891
      15.09     0.15905
       15.1      0.1469
      15.11     0.13234
      15.12     0.11521
      15.13     0.09537
      15.14     0.07272
      15.15     0.04731
      15.16     0.01945
      15.17    -0.01029
      15.18    -0.04114
      15.19    -0.07233
       15.2    -0.10316
      15.21      -0.133
      15.22    -0.16124
      15.23    -0.18736
      15.24    -0.21092
      15.25    -0.23147
      15.26    -0.24855
      15.27    -0.26162
      15.28    -0.27024
      15.29    -0.27398
       15.3     -0.2726
      15.31    -0.26621
      15.32    -0.25527
      15.33    -0.24035
      15.34    -0.22214
      15.35    -0.20143
      15.36    -0.17902
      15.37    -0.15566
      15.38    -0.13184
      15.39    -0.10773
       15.4    -0.08323
      15.41    -0.05813
      15.42    -0.03218
      15.43    -0.00528
      15.44     0.02228
      15.45     0.04984
      15.46     0.07639
      15.47     0.10077
      15.48     0.12199
      15.49     0.13951
       15.5     0.15315
      15.51     0.16306
      15.52     0.16958
      15.53     0.17312
      15.54     0.17401
      15.55      0.1724
      15.56      0.1683
      15.57     0.16164
      15.58     0.15239
      15.59     0.14049
       15.6     0.12596
      15.61       0.109
      15.62     0.08997
      15.63     0.06945
      15.64     0.04818
      15.65     0.02686
      15.66     0.00595
      15.67    -0.01427
      15.68    -0.03365
      15.69    -0.05212
       15.7     -0.0696
      15.71    -0.08596
      15.72    -0.10097
      15.73    -0.11428
      15.74    -0.12555
      15.75    -0.13457
      15.76    -0.14126
      15.77    -0.14564
      15.78    -0.14778
      15.79    -0.14771
       15.8    -0.14545
      15.81    -0.14102
      15.82    -0.13445
      15.83     -0.1258
      15.84    -0.11514
      15.85    -0.10257
      15.86    -0.08834
      15.87    -0.07276
      15.88    -0.05623
      15.89    -0.03906
       15.9    -0.02147
      15.91    -0.00344
      15.92     0.01499
      15.93     0.03359
      15.94     0.05194
      15.95     0.06953
      15.96     0.08592
      15.97     0.10082
      15.98     0.11413
      15.99     0.12598
        16.     0.13674
      16.01     0.14677
      16.02     0.15631
      16.03     0.16536
      16.04     0.17376
      16.05     0.18121
      16.06      0.1873
      16.07      0.1916
      16.08     0.19369
      16.09      0.1932
       16.1     0.18981
      16.11     0.18345
      16.12     0.17442
      16.13     0.16339
      16.14      0.1513
      16.15       0.139
      16.16      0.1271
      16.17     0.11595
      16.18      0.1057
      16.19     0.09619
       16.2     0.08706
      16.21     0.07785
      16.22     0.06802
      16.23      0.0571
      16.24     0.04479
      16.25     0.03105
      16.26     0.01611
      16.27   5.729E-04
      16.28    -0.01471
      16.29    -0.02884
       16.3    -0.04107
      16.31    -0.05087
      16.32    -0.05803
      16.33    -0.06272
      16.34    -0.06543
      16.35    -0.06693
      16.36    -0.06814
      16.37     -0.0699
      16.38    -0.07277
      16.39    -0.07712
       16.4    -0.08293
      16.41    -0.08988
      16.42    -0.09742
      16.43    -0.10478
      16.44    -0.11114
      16.45     -0.1158
      16.46    -0.11828
      16.47    -0.11841
      16.48    -0.11629
      16.49    -0.11228
       16.5     -0.1069
      16.51    -0.10081
      16.52    -0.09463
      16.53    -0.08875
      16.54    -0.08336
      16.55    -0.07837
      16.56    -0.07357
      16.57    -0.06868
      16.58    -0.06344
      16.59    -0.05761
       16.6    -0.05093
      16.61    -0.04322
      16.62    -0.03439
      16.63    -0.02439
      16.64    -0.01337
      16.65    -0.00155
      16.66     0.01075
      16.67     0.02307
      16.68     0.03499
      16.69     0.04611
       16.7     0.05625
      16.71     0.06543
      16.72     0.07381
      16.73     0.08155
      16.74     0.08883
      16.75     0.09568
      16.76     0.10195
      16.77     0.10735
      16.78      0.1116
      16.79     0.11454
       16.8     0.11607
      16.81     0.11612
      16.82     0.11456
      16.83      0.1112
      16.84     0.10586
      16.85     0.09844
      16.86     0.08896
      16.87     0.07767
      16.88     0.06506
      16.89     0.05172
       16.9     0.03816
      16.91     0.02471
      16.92     0.01159
      16.93     -0.0011
      16.94    -0.01332
      16.95    -0.02501
      16.96    -0.03618
      16.97     -0.0468
      16.98     -0.0567
      16.99    -0.06557
        17.    -0.07305
      17.01    -0.07885
      17.02    -0.08294
      17.03    -0.08549
      17.04    -0.08684
      17.05    -0.08745
      17.06     -0.0876
      17.07    -0.08734
      17.08    -0.08651
      17.09     -0.0847
       17.1    -0.08136
      17.11    -0.07595
      17.12    -0.06827
      17.13    -0.05843
      17.14    -0.04678
      17.15    -0.03388
      17.16    -0.02035
      17.17    -0.00668
      17.18      0.0068
      17.19      0.0199
       17.2     0.03249
      17.21     0.04442
      17.22     0.05554
      17.23     0.06554
      17.24     0.07406
      17.25     0.08058
      17.26     0.08463
      17.27     0.08592
      17.28      0.0844
      17.29     0.08025
       17.3     0.07388
      17.31     0.06573
      17.32      0.0562
      17.33     0.04557
      17.34     0.03388
      17.35     0.02106
      17.36       0.007
      17.37    -0.00828
      17.38    -0.02472
      17.39    -0.04212
       17.4    -0.06019
      17.41    -0.07853
      17.42    -0.09669
      17.43     -0.1142
      17.44    -0.13067
      17.45     -0.1457
      17.46     -0.1589
      17.47     -0.1699
      17.48     -0.1784
      17.49    -0.18427
       17.5    -0.18767
      17.51    -0.18887
      17.52    -0.18817
      17.53    -0.18577
      17.54    -0.18177
      17.55    -0.17609
      17.56     -0.1686
      17.57    -0.15917
      17.58    -0.14777
      17.59    -0.13447
       17.6     -0.1194
      17.61    -0.10285
      17.62    -0.08516
      17.63    -0.06668
      17.64    -0.04773
      17.65    -0.02854
      17.66    -0.00929
      17.67     0.00999
      17.68     0.02934
      17.69     0.04868
       17.7     0.06782
      17.71     0.08641
      17.72     0.10411
      17.73     0.12061
      17.74     0.13572
      17.75     0.14931
      17.76     0.16116
      17.77     0.17099
      17.78     0.17849
      17.79     0.18324
       17.8     0.18473
      17.81     0.18247
      17.82      0.1762
      17.83      0.1659
      17.84     0.15186
      17.85     0.13455
      17.86     0.11456
      17.87      0.0926
      17.88     0.06943
      17.89     0.04577
       17.9     0.02236
      17.91  -1.147E-04
      17.92    -0.02117
      17.93    -0.04053
      17.94    -0.05802
      17.95     -0.0736
      17.96    -0.08733
      17.97    -0.09933
      17.98    -0.10971
      17.99    -0.11858
        18.    -0.12593
      18.01    -0.13166
      18.02    -0.13562
      18.03    -0.13763
      18.04    -0.13751
      18.05    -0.13518
      18.06    -0.13067
      18.07    -0.12413
      18.08    -0.11574
      18.09    -0.10571
       18.1    -0.09418
      18.11    -0.08123
      18.12    -0.06684
      18.13    -0.05099
      18.14    -0.03365
      18.15    -0.01481
      18.16     0.00553
      18.17     0.02732
      18.18     0.05044
      18.19     0.07468
       18.2      0.0997
      18.21     0.12507
      18.22     0.15035
      18.23     0.17505
      18.24     0.19857
      18.25     0.22029
      18.26     0.23949
      18.27     0.25522
      18.28     0.26649
      18.29     0.27262
       18.3     0.27329
      18.31     0.26863
      18.32     0.25918
      18.33     0.24573
      18.34     0.22912
      18.35     0.21011
      18.36     0.18934
      18.37     0.16731
      18.38     0.14448
      18.39     0.12129
       18.4     0.09819
      18.41     0.07556
      18.42     0.05362
      18.43     0.03258
      18.44     0.01257
      18.45    -0.00633
      18.46    -0.02403
      18.47    -0.04048
      18.48    -0.05559
      18.49    -0.06927
       18.5     -0.0814
      18.51    -0.09185
      18.52    -0.10052
      18.53    -0.10737
      18.54    -0.11242
      18.55    -0.11577
      18.56    -0.11752
      18.57    -0.11775
      18.58    -0.11646
      18.59    -0.11358
       18.6    -0.10898
      18.61     -0.1025
      18.62    -0.09402
      18.63    -0.08345
      18.64    -0.07085
      18.65    -0.05642
      18.66     -0.0405
      18.67    -0.02351
      18.68     -0.0059
      18.69     0.01196
       18.7     0.02971
      18.71     0.04705
      18.72     0.06373
      18.73     0.07957
      18.74     0.09442
      18.75     0.10804
      18.76     0.12015
      18.77     0.13039
      18.78     0.13845
      18.79     0.14405
       18.8     0.14694
      18.81     0.14696
      18.82       0.144
      18.83     0.13806
      18.84     0.12925
      18.85     0.11789
      18.86      0.1045
      18.87     0.08972
      18.88      0.0743
      18.89     0.05891
       18.9     0.04408
      18.91     0.03011
      18.92     0.01714
      18.93     0.00518
      18.94    -0.00586
      18.95    -0.01605
      18.96    -0.02549
      18.97    -0.03424
      18.98    -0.04228
      18.99    -0.04956
        19.    -0.05597
      19.01     -0.0614
      19.02    -0.06578
      19.03    -0.06911
      19.04    -0.07147
      19.05    -0.07309
      19.06    -0.07424
      19.07     -0.0751
      19.08    -0.07578
      19.09    -0.07623
       19.1    -0.07634
      19.11    -0.07591
      19.12    -0.07477
      19.13    -0.07277
      19.14    -0.06986
      19.15    -0.06606
      19.16    -0.06142
      19.17    -0.05608
      19.18    -0.05016
      19.19    -0.04381
       19.2    -0.03726
      19.21    -0.03079
      19.22    -0.02468
      19.23    -0.01926
      19.24    -0.01481
      19.25    -0.01159
      19.26    -0.00977
      19.27    -0.00946
      19.28    -0.01067
      19.29    -0.01339
       19.3    -0.01751
      19.31    -0.02284
      19.32    -0.02905
      19.33    -0.03574
      19.34    -0.04242
      19.35    -0.04868
      19.36    -0.05425
      19.37    -0.05904
      19.38    -0.06306
      19.39    -0.06643
       19.4    -0.06925
      19.41    -0.07158
      19.42    -0.07342
      19.43    -0.07477
      19.44    -0.07556
      19.45    -0.07574
      19.46    -0.07533
      19.47    -0.07438
      19.48    -0.07311
      19.49    -0.07176
       19.5    -0.07061
      19.51    -0.06998
      19.52    -0.07006
      19.53    -0.07089
      19.54     -0.0723
      19.55    -0.07393
      19.56    -0.07531
      19.57    -0.07601
      19.58    -0.07563
      19.59    -0.07389
       19.6    -0.07059
      19.61    -0.06563
      19.62    -0.05902
      19.63    -0.05091
      19.64     -0.0416
      19.65    -0.03148
      19.66    -0.02098
      19.67    -0.01041
      19.68  -1.121E-06
      19.69     0.01016
       19.7     0.02002
      19.71     0.02943
      19.72     0.03824
      19.73      0.0463
      19.74     0.05347
      19.75     0.05967
      19.76     0.06493
      19.77     0.06929
      19.78     0.07281
      19.79     0.07552
       19.8     0.07742
      19.81     0.07849
      19.82     0.07876
      19.83     0.07832
      19.84     0.07723
      19.85     0.07553
      19.86     0.07321
      19.87     0.07022
      19.88     0.06642
      19.89     0.06164
       19.9     0.05574
      19.91     0.04862
      19.92     0.04019
      19.93     0.03041
      19.94     0.01934
      19.95     0.00719
      19.96    -0.00575
      19.97    -0.01919
      19.98    -0.03276
      19.99      -0.046
        20.    -0.05851
