        0.          0.
       0.01   2.317E-05
       0.02   9.167E-05
       0.03   2.050E-04
       0.04   3.615E-04
       0.05   5.596E-04
       0.06   7.954E-04
       0.07     0.00106
       0.08     0.00136
       0.09     0.00168
        0.1     0.00201
       0.11     0.00235
       0.12     0.00269
       0.13     0.00302
       0.14     0.00333
       0.15     0.00361
       0.16     0.00387
       0.17      0.0041
       0.18     0.00429
       0.19     0.00445
        0.2     0.00459
       0.21     0.00469
       0.22     0.00477
       0.23     0.00481
       0.24     0.00483
       0.25     0.00482
       0.26     0.00478
       0.27     0.00472
       0.28     0.00461
       0.29     0.00447
        0.3     0.00429
       0.31     0.00408
       0.32     0.00384
       0.33     0.00356
       0.34     0.00324
       0.35     0.00288
       0.36     0.00246
       0.37     0.00201
       0.38     0.00153
       0.39     0.00106
        0.4   5.950E-04
       0.41   1.399E-04
       0.42  -2.996E-04
       0.43  -7.019E-04
       0.44    -0.00105
       0.45    -0.00133
       0.46    -0.00154
       0.47     -0.0017
       0.48    -0.00179
       0.49    -0.00179
        0.5    -0.00171
       0.51    -0.00154
       0.52    -0.00131
       0.53    -0.00108
       0.54  -9.232E-04
       0.55  -8.442E-04
       0.56  -8.124E-04
       0.57  -7.929E-04
       0.58  -7.647E-04
       0.59  -7.257E-04
        0.6  -6.946E-04
       0.61  -6.889E-04
       0.62  -7.218E-04
       0.63  -7.597E-04
       0.64  -7.262E-04
       0.65  -5.630E-04
       0.66  -2.580E-04
       0.67   1.661E-04
       0.68   6.972E-04
       0.69     0.00137
        0.7     0.00225
       0.71     0.00336
       0.72     0.00466
       0.73     0.00602
       0.74     0.00727
       0.75     0.00826
       0.76     0.00889
       0.77     0.00912
       0.78     0.00902
       0.79      0.0087
        0.8     0.00818
       0.81     0.00746
       0.82      0.0066
       0.83     0.00569
       0.84     0.00472
       0.85     0.00364
       0.86      0.0024
       0.87   9.958E-04
       0.88  -4.754E-04
       0.89    -0.00183
        0.9    -0.00287
       0.91    -0.00346
       0.92     -0.0036
       0.93    -0.00345
       0.94    -0.00323
       0.95    -0.00307
       0.96    -0.00301
       0.97    -0.00296
       0.98    -0.00285
       0.99    -0.00273
         1.     -0.0027
       1.01     -0.0028
       1.02    -0.00298
       1.03    -0.00311
       1.04    -0.00305
       1.05    -0.00274
       1.06    -0.00232
       1.07    -0.00193
       1.08    -0.00159
       1.09    -0.00124
        1.1  -8.761E-04
       1.11  -5.590E-04
       1.12  -3.867E-04
       1.13  -4.623E-04
       1.14  -8.364E-04
       1.15    -0.00153
       1.16    -0.00262
       1.17    -0.00416
       1.18    -0.00607
       1.19    -0.00815
        1.2    -0.01019
       1.21    -0.01197
       1.22    -0.01331
       1.23    -0.01423
       1.24    -0.01512
       1.25    -0.01627
       1.26    -0.01767
       1.27    -0.01915
       1.28    -0.02056
       1.29    -0.02195
        1.3    -0.02346
       1.31    -0.02511
       1.32    -0.02679
       1.33    -0.02834
       1.34    -0.02964
       1.35    -0.03078
       1.36    -0.03177
       1.37    -0.03233
       1.38    -0.03201
       1.39    -0.03047
        1.4    -0.02772
       1.41    -0.02396
       1.42    -0.01936
       1.43    -0.01415
       1.44    -0.00873
       1.45    -0.00352
       1.46   9.637E-04
       1.47     0.00436
       1.48     0.00655
       1.49     0.00748
        1.5     0.00722
       1.51     0.00596
       1.52     0.00403
       1.53     0.00173
       1.54  -8.043E-04
       1.55    -0.00344
       1.56    -0.00604
       1.57    -0.00841
       1.58    -0.01048
       1.59    -0.01224
        1.6    -0.01357
       1.61    -0.01436
       1.62    -0.01456
       1.63    -0.01405
       1.64    -0.01277
       1.65    -0.01079
       1.66    -0.00831
       1.67    -0.00562
       1.68      -0.003
       1.69  -8.012E-04
        1.7   6.305E-04
       1.71   9.401E-04
       1.72  -1.200E-04
       1.73    -0.00271
       1.74    -0.00682
       1.75    -0.01222
       1.76    -0.01859
       1.77    -0.02551
       1.78    -0.03258
       1.79    -0.03964
        1.8    -0.04674
       1.81    -0.05373
       1.82    -0.06006
       1.83    -0.06485
       1.84     -0.0674
       1.85    -0.06743
       1.86    -0.06488
       1.87    -0.05992
       1.88    -0.05296
       1.89    -0.04476
        1.9    -0.03623
       1.91    -0.02811
       1.92    -0.02083
       1.93    -0.01465
       1.94    -0.01005
       1.95    -0.00756
       1.96    -0.00752
       1.97    -0.00983
       1.98    -0.01387
       1.99    -0.01852
         2.    -0.02234
       2.01     -0.0242
       2.02    -0.02352
       2.03    -0.01998
       2.04    -0.01314
       2.05    -0.00267
       2.06     0.01116
       2.07     0.02719
       2.08     0.04375
       2.09     0.05937
        2.1     0.07279
       2.11     0.08307
       2.12     0.08973
       2.13     0.09252
       2.14     0.09114
       2.15     0.08542
       2.16     0.07584
       2.17     0.06358
       2.18     0.05001
       2.19      0.0363
        2.2     0.02352
       2.21     0.01256
       2.22     0.00379
       2.23    -0.00296
       2.24    -0.00795
       2.25    -0.01138
       2.26    -0.01367
       2.27    -0.01557
       2.28    -0.01794
       2.29    -0.02152
        2.3    -0.02678
       2.31     -0.0337
       2.32    -0.04174
       2.33    -0.04997
       2.34    -0.05747
       2.35    -0.06335
       2.36    -0.06669
       2.37    -0.06665
       2.38    -0.06282
       2.39    -0.05523
        2.4    -0.04417
       2.41    -0.03038
       2.42      -0.015
       2.43   8.768E-04
       2.44     0.01667
       2.45     0.03232
       2.46     0.04769
       2.47     0.06252
       2.48      0.0765
       2.49     0.08937
        2.5     0.10082
       2.51     0.11048
       2.52     0.11817
       2.53     0.12409
       2.54     0.12882
       2.55     0.13302
       2.56     0.13707
       2.57     0.14093
       2.58     0.14431
       2.59     0.14685
        2.6     0.14825
       2.61     0.14815
       2.62     0.14613
       2.63     0.14161
       2.64     0.13403
       2.65     0.12313
       2.66     0.10891
       2.67     0.09175
       2.68     0.07275
       2.69     0.05371
        2.7     0.03627
       2.71     0.02131
       2.72     0.00936
       2.73     0.00101
       2.74    -0.00297
       2.75    -0.00182
       2.76     0.00486
       2.77     0.01701
       2.78     0.03431
       2.79     0.05628
        2.8     0.08215
       2.81     0.11086
       2.82     0.14122
       2.83      0.1723
       2.84     0.20343
       2.85     0.23408
       2.86     0.26378
       2.87      0.2921
       2.88     0.31871
       2.89     0.34334
        2.9      0.3657
       2.91     0.38556
       2.92     0.40275
       2.93     0.41715
       2.94      0.4286
       2.95     0.43663
       2.96     0.44019
       2.97      0.4376
       2.98     0.42713
       2.99      0.4079
         3.     0.37988
       3.01     0.34363
       3.02     0.30021
       3.03     0.25099
       3.04     0.19728
       3.05     0.14026
       3.06     0.08107
       3.07     0.02079
       3.08    -0.03964
       3.09    -0.09951
        3.1    -0.15817
       3.11      -0.215
       3.12    -0.26929
       3.13    -0.31975
       3.14    -0.36391
       3.15     -0.3989
       3.16    -0.42273
       3.17     -0.4346
       3.18    -0.43438
       3.19    -0.42215
        3.2    -0.39816
       3.21    -0.36279
       3.22    -0.31662
       3.23    -0.26032
       3.24     -0.1948
       3.25    -0.12126
       3.26    -0.04127
       3.27     0.04319
       3.28     0.12945
       3.29     0.21443
        3.3      0.2954
       3.31      0.3704
       3.32     0.43806
       3.33     0.49751
       3.34     0.54832
       3.35     0.59041
       3.36     0.62387
       3.37     0.64892
       3.38     0.66584
       3.39     0.67466
        3.4     0.67491
       3.41     0.66555
       3.42     0.64508
       3.43     0.61187
       3.44     0.56407
       3.45     0.50012
       3.46     0.41942
       3.47     0.32303
       3.48     0.21456
       3.49      0.0997
        3.5    -0.01708
       3.51    -0.13279
       3.52    -0.24488
       3.53    -0.35133
       3.54    -0.45139
       3.55    -0.54567
       3.56    -0.63454
       3.57    -0.71759
       3.58    -0.79427
       3.59    -0.86428
        3.6    -0.92763
       3.61    -0.98449
       3.62    -1.03502
       3.63    -1.07925
       3.64    -1.11717
       3.65    -1.14872
       3.66    -1.17363
       3.67    -1.19133
       3.68    -1.20087
       3.69    -1.20124
        3.7    -1.19156
       3.71    -1.17096
       3.72    -1.13794
       3.73    -1.08969
       3.74      -1.024
       3.75    -0.94121
       3.76    -0.84358
       3.77    -0.73461
       3.78    -0.61884
       3.79    -0.50081
        3.8     -0.3841
       3.81     -0.2714
       3.82    -0.16449
       3.83    -0.06415
       3.84     0.02968
       3.85     0.11761
       3.86     0.20084
       3.87     0.28112
       3.88     0.36023
       3.89     0.43917
        3.9      0.5179
       3.91     0.59519
       3.92     0.66845
       3.93     0.73355
       3.94     0.78542
       3.95     0.81942
       3.96     0.83252
       3.97     0.82293
       3.98     0.78982
       3.99     0.73344
         4.     0.65525
       4.01     0.55796
       4.02     0.44494
       4.03     0.32008
       4.04     0.18815
       4.05     0.05467
       4.06    -0.07511
       4.07     -0.1972
       4.08     -0.3094
       4.09    -0.41137
        4.1    -0.50423
       4.11    -0.58997
       4.12    -0.67116
       4.13     -0.7502
       4.14    -0.82868
       4.15    -0.90731
       4.16    -0.98582
       4.17    -1.06278
       4.18    -1.13534
       4.19    -1.19938
        4.2    -1.25003
       4.21    -1.28243
       4.22     -1.2923
       4.23     -1.2763
       4.24    -1.23231
       4.25    -1.15964
       4.26    -1.05916
       4.27    -0.93346
       4.28    -0.78691
       4.29    -0.62492
        4.3    -0.45295
       4.31    -0.27628
       4.32    -0.09965
       4.33     0.07308
       4.34      0.2394
       4.35     0.39757
       4.36     0.54658
       4.37     0.68611
       4.38      0.8162
       4.39     0.93714
        4.4     1.04923
       4.41     1.15261
       4.42      1.2473
       4.43      1.3335
       4.44     1.41135
       4.45     1.48015
       4.46      1.5382
       4.47     1.58329
       4.48     1.61322
       4.49     1.62613
        4.5     1.62079
       4.51     1.59676
       4.52     1.55444
       4.53     1.49502
       4.54     1.42034
       4.55     1.33257
       4.56     1.23401
       4.57     1.12693
       4.58     1.01329
       4.59     0.89423
        4.6     0.76957
       4.61     0.63808
       4.62     0.49905
       4.63     0.35294
       4.64     0.20091
       4.65     0.04453
       4.66    -0.11421
       4.67    -0.27297
       4.68     -0.4291
       4.69    -0.57957
        4.7     -0.7211
       4.71    -0.85032
       4.72    -0.96373
       4.73    -1.05784
       4.74    -1.12955
       4.75    -1.17667
       4.76    -1.19845
       4.77    -1.19561
       4.78     -1.1703
       4.79    -1.12614
        4.8    -1.06758
       4.81    -0.99925
       4.82    -0.92562
       4.83    -0.85046
       4.84    -0.77621
       4.85    -0.70388
       4.86    -0.63347
       4.87    -0.56433
       4.88    -0.49548
       4.89    -0.42577
        4.9    -0.35424
       4.91    -0.28031
       4.92    -0.20379
       4.93    -0.12473
       4.94    -0.04308
       4.95     0.04183
       4.96     0.13081
       4.97     0.22406
       4.98     0.32056
       4.99     0.41802
         5.     0.51382
       5.01     0.60519
       5.02     0.68931
       5.03     0.76375
       5.04     0.82679
       5.05     0.87723
       5.06     0.91421
       5.07     0.93695
       5.08     0.94504
       5.09     0.93886
        5.1     0.91963
       5.11     0.88896
       5.12     0.84861
       5.13     0.80042
       5.14     0.74645
       5.15     0.68879
       5.16     0.62939
       5.17        0.57
       5.18     0.51209
       5.19     0.45679
        5.2     0.40464
       5.21     0.35549
       5.22      0.3086
       5.23     0.26289
       5.24     0.21708
       5.25        0.17
       5.26     0.12088
       5.27     0.06936
       5.28     0.01545
       5.29     -0.0407
        5.3      -0.099
       5.31    -0.15924
       5.32    -0.22064
       5.33    -0.28187
       5.34    -0.34138
       5.35    -0.39772
       5.36    -0.44951
       5.37    -0.49547
       5.38    -0.53481
       5.39    -0.56751
        5.4    -0.59427
       5.41    -0.61624
       5.42    -0.63483
       5.43    -0.65129
       5.44    -0.66637
       5.45    -0.68014
       5.46    -0.69173
       5.47    -0.69919
       5.48    -0.70043
       5.49     -0.6938
        5.5    -0.67805
       5.51    -0.65245
       5.52    -0.61685
       5.53    -0.57145
       5.54    -0.51646
       5.55    -0.45248
       5.56    -0.38103
       5.57    -0.30511
       5.58    -0.22856
       5.59    -0.15432
        5.6    -0.08422
       5.61    -0.01951
       5.62     0.03918
       5.63     0.09185
       5.64     0.13914
       5.65       0.182
       5.66      0.2212
       5.67     0.25712
       5.68     0.29011
       5.69     0.32076
        5.7     0.34987
       5.71     0.37828
       5.72     0.40666
       5.73     0.43507
       5.74     0.46267
       5.75     0.48775
       5.76     0.50741
       5.77     0.51832
       5.78     0.51754
       5.79     0.50318
        5.8     0.47488
       5.81     0.43333
       5.82     0.37949
       5.83     0.31425
       5.84     0.23849
       5.85     0.15339
       5.86     0.06056
       5.87    -0.03797
       5.88    -0.13971
       5.89    -0.24201
        5.9    -0.34221
       5.91    -0.43814
       5.92    -0.52821
       5.93    -0.61133
       5.94    -0.68657
       5.95    -0.75297
       5.96    -0.80909
       5.97    -0.85323
       5.98    -0.88382
       5.99    -0.89947
         6.    -0.89908
       6.01    -0.88217
       6.02    -0.84915
       6.03    -0.80122
       6.04    -0.73995
       6.05    -0.66708
       6.06    -0.58469
       6.07    -0.49538
       6.08    -0.40175
       6.09    -0.30575
        6.1    -0.20866
       6.11    -0.11166
       6.12    -0.01623
       6.13     0.07583
       6.14     0.16322
       6.15     0.24579
       6.16     0.32454
       6.17     0.40125
       6.18     0.47771
       6.19     0.55537
        6.2     0.63495
       6.21     0.71643
       6.22     0.79899
       6.23      0.8812
       6.24     0.96119
       6.25     1.03692
       6.26      1.1061
       6.27      1.1662
       6.28     1.21424
       6.29     1.24657
        6.3      1.2599
       6.31     1.25265
       6.32     1.22464
       6.33     1.17657
       6.34     1.10965
       6.35     1.02502
       6.36     0.92373
       6.37     0.80804
       6.38     0.68118
       6.39     0.54651
        6.4      0.4072
       6.41      0.2661
       6.42     0.12567
       6.43    -0.01227
       6.44    -0.14656
       6.45    -0.27656
       6.46    -0.40181
       6.47    -0.52215
       6.48    -0.63727
       6.49    -0.74585
        6.5    -0.84573
       6.51    -0.93524
       6.52    -1.01376
       6.53    -1.08146
       6.54    -1.13893
       6.55    -1.18693
       6.56      -1.226
       6.57    -1.25658
       6.58    -1.27932
       6.59     -1.2945
        6.6    -1.30174
       6.61    -1.30012
       6.62    -1.28885
       6.63    -1.26751
       6.64    -1.23585
       6.65    -1.19354
       6.66    -1.13995
       6.67    -1.07383
       6.68    -0.99356
       6.69    -0.89776
        6.7    -0.78551
       6.71    -0.65671
       6.72    -0.51267
       6.73    -0.35605
       6.74    -0.19052
       6.75    -0.02036
       6.76     0.14989
       6.77     0.31524
       6.78     0.47025
       6.79      0.6098
        6.8     0.72995
       6.81     0.82785
       6.82     0.90176
       6.83      0.9515
       6.84     0.97879
       6.85     0.98695
       6.86        0.98
       6.87     0.96236
       6.88     0.93845
       6.89     0.91202
        6.9     0.88604
       6.91     0.86268
       6.92     0.84314
       6.93     0.82753
       6.94     0.81488
       6.95     0.80354
       6.96     0.79133
       6.97     0.77545
       6.98     0.75234
       6.99     0.71872
         7.     0.67286
       7.01     0.61453
       7.02     0.54483
       7.03     0.46625
       7.04     0.38209
       7.05     0.29565
       7.06     0.20994
       7.07     0.12756
       7.08      0.0501
       7.09    -0.02185
        7.1     -0.0883
       7.11    -0.14928
       7.12    -0.20454
       7.13    -0.25373
       7.14    -0.29673
       7.15    -0.33375
       7.16    -0.36537
       7.17    -0.39234
       7.18    -0.41577
       7.19    -0.43705
        7.2    -0.45755
       7.21    -0.47819
       7.22    -0.49934
       7.23    -0.52091
       7.24    -0.54154
       7.25     -0.5576
       7.26    -0.56483
       7.27    -0.55958
       7.28    -0.54029
       7.29    -0.50771
        7.3    -0.46378
       7.31    -0.41039
       7.32    -0.34849
       7.33    -0.27834
       7.34    -0.20001
       7.35    -0.11383
       7.36    -0.02054
       7.37     0.07881
       7.38     0.18287
       7.39     0.29012
        7.4     0.39911
       7.41     0.50863
       7.42     0.61768
       7.43     0.72518
       7.44      0.8298
       7.45     0.92948
       7.46     1.02152
       7.47     1.10337
       7.48     1.17258
       7.49     1.22699
        7.5     1.26519
       7.51     1.28627
       7.52     1.28932
       7.53     1.27355
       7.54     1.23873
       7.55     1.18546
       7.56     1.11501
       7.57     1.02919
       7.58     0.93019
       7.59     0.82035
        7.6     0.70196
       7.61     0.57709
       7.62     0.44742
       7.63     0.31411
       7.64     0.17815
       7.65     0.04081
       7.66    -0.09664
       7.67    -0.23313
       7.68    -0.36794
       7.69    -0.50077
        7.7    -0.63147
       7.71    -0.76001
       7.72    -0.88632
       7.73    -1.01009
       7.74    -1.13053
       7.75    -1.24605
       7.76    -1.35438
       7.77     -1.4522
       7.78    -1.53551
       7.79    -1.60049
        7.8    -1.64358
       7.81    -1.66163
       7.82     -1.6522
       7.83    -1.61409
       7.84    -1.54751
       7.85    -1.45402
       7.86    -1.33629
       7.87    -1.19831
       7.88    -1.04498
       7.89    -0.88132
        7.9    -0.71203
       7.91    -0.54136
       7.92    -0.37272
       7.93    -0.20858
       7.94    -0.05079
       7.95     0.09895
       7.96     0.23901
       7.97      0.3679
       7.98     0.48452
       7.99      0.5884
         8.     0.67967
       8.01     0.75913
       8.02     0.82832
       8.03     0.88883
       8.04     0.94179
       8.05      0.9876
       8.06     1.02563
       8.07     1.05437
       8.08     1.07174
       8.09     1.07566
        8.1     1.06447
       8.11     1.03699
       8.12     0.99252
       8.13     0.93069
       8.14     0.85139
       8.15     0.75474
       8.16     0.64135
       8.17     0.51278
       8.18     0.37204
       8.19     0.22325
        8.2     0.07039
       8.21    -0.08318
       8.22    -0.23446
       8.23    -0.38074
       8.24    -0.51956
       8.25    -0.64884
       8.26    -0.76676
       8.27    -0.87161
       8.28    -0.96192
       8.29    -1.03673
        8.3    -1.09574
       8.31    -1.13932
       8.32    -1.16825
       8.33     -1.1835
       8.34    -1.18623
       8.35    -1.17786
       8.36    -1.16009
       8.37    -1.13502
       8.38    -1.10487
       8.39    -1.07177
        8.4    -1.03748
       8.41    -1.00326
       8.42    -0.96967
       8.43    -0.93672
       8.44    -0.90378
       8.45    -0.86978
       8.46    -0.83356
       8.47    -0.79435
       8.48    -0.75188
       8.49    -0.70622
        8.5    -0.65754
       8.51    -0.60561
       8.52    -0.54971
       8.53      -0.489
       8.54    -0.42214
       8.55    -0.34681
       8.56    -0.26081
       8.57    -0.16313
       8.58    -0.05397
       8.59     0.06518
        8.6     0.19232
       8.61     0.32543
       8.62     0.46268
       8.63      0.6022
       8.64     0.74227
       8.65     0.88139
       8.66       1.018
       8.67     1.15038
       8.68     1.27687
       8.69     1.39572
        8.7      1.5051
       8.71     1.60362
       8.72     1.69026
       8.73     1.76401
       8.74     1.82363
       8.75     1.86806
       8.76     1.89633
       8.77     1.90746
       8.78     1.90043
       8.79     1.87424
        8.8     1.82802
       8.81     1.76116
       8.82     1.67333
       8.83     1.56468
       8.84     1.43604
       8.85     1.28881
       8.86     1.12483
       8.87     0.94613
       8.88      0.7551
       8.89      0.5544
        8.9     0.34695
       8.91     0.13573
       8.92    -0.07624
       8.93    -0.28592
       8.94    -0.49047
       8.95    -0.68736
       8.96    -0.87432
       8.97    -1.04886
       8.98    -1.20829
       8.99    -1.34988
         9.    -1.47111
       9.01    -1.56991
       9.02    -1.64471
       9.03    -1.69456
       9.04    -1.71907
       9.05     -1.7184
       9.06    -1.69323
       9.07    -1.64495
       9.08    -1.57562
       9.09    -1.48787
        9.1    -1.38472
       9.11    -1.26922
       9.12    -1.14405
       9.13    -1.01112
       9.14    -0.87137
       9.15    -0.72516
       9.16    -0.57334
       9.17    -0.41746
       9.18    -0.25919
       9.19    -0.10026
        9.2     0.05722
       9.21     0.21091
       9.22     0.35894
       9.23     0.50065
       9.24     0.63606
       9.25     0.76506
       9.26     0.88704
       9.27     1.00055
       9.28      1.1036
       9.29     1.19415
        9.3     1.27057
       9.31     1.33191
       9.32     1.37812
       9.33     1.40959
       9.34     1.42662
       9.35     1.42941
       9.36     1.41814
       9.37     1.39294
       9.38     1.35385
       9.39     1.30074
        9.4     1.23344
       9.41     1.15207
       9.42     1.05742
       9.43     0.95096
       9.44     0.83489
       9.45     0.71172
       9.46     0.58373
       9.47     0.45292
       9.48     0.32088
       9.49     0.18868
        9.5     0.05723
       9.51    -0.07269
       9.52    -0.20052
       9.53    -0.32594
       9.54    -0.44887
       9.55    -0.56939
       9.56    -0.68756
       9.57    -0.80308
       9.58    -0.91539
       9.59     -1.0237
        9.6    -1.12695
       9.61    -1.22386
       9.62     -1.3129
       9.63    -1.39219
       9.64    -1.45948
       9.65     -1.5124
       9.66    -1.54865
       9.67    -1.56628
       9.68    -1.56394
       9.69    -1.54101
        9.7     -1.4973
       9.71    -1.43306
       9.72    -1.34927
       9.73     -1.2479
       9.74    -1.13184
       9.75    -1.00449
       9.76    -0.86896
       9.77    -0.72757
       9.78    -0.58169
       9.79    -0.43216
        9.8    -0.27949
       9.81    -0.12392
       9.82     0.03435
       9.83     0.19494
       9.84     0.35729
       9.85     0.52051
       9.86     0.68322
       9.87     0.84356
       9.88     0.99928
       9.89     1.14798
        9.9     1.28738
       9.91     1.41524
       9.92     1.52931
       9.93     1.62764
       9.94     1.70863
       9.95     1.77089
       9.96     1.81238
       9.97     1.83096
       9.98     1.82531
       9.99     1.79478
        10.     1.73934
      10.01      1.6597
      10.02     1.55712
      10.03     1.43327
      10.04     1.28999
      10.05     1.12898
      10.06     0.95149
      10.07     0.75859
      10.08     0.55159
      10.09     0.33253
       10.1     0.10428
      10.11    -0.12943
      10.12     -0.3642
      10.13    -0.59558
      10.14    -0.81955
      10.15    -1.03266
      10.16    -1.23186
      10.17    -1.41451
      10.18    -1.57798
      10.19     -1.7195
       10.2    -1.83593
      10.21     -1.9244
      10.22    -1.98251
      10.23     -2.0083
      10.24    -2.00039
      10.25     -1.9584
      10.26    -1.88288
      10.27    -1.77519
      10.28    -1.63758
      10.29    -1.47301
       10.3    -1.28507
      10.31    -1.07759
      10.32    -0.85433
      10.33    -0.61897
      10.34     -0.3752
      10.35    -0.12691
      10.36     0.12159
      10.37     0.36553
      10.38     0.60004
      10.39     0.82038
       10.4     1.02214
      10.41     1.20168
      10.42     1.35623
      10.43     1.48383
      10.44     1.58324
      10.45      1.6538
      10.46     1.69522
      10.47     1.70746
      10.48     1.69072
      10.49     1.64549
       10.5     1.57269
      10.51     1.47375
      10.52     1.35059
      10.53     1.20533
      10.54     1.04014
      10.55      0.8573
      10.56     0.65944
      10.57     0.44958
      10.58     0.23103
      10.59     0.00759
       10.6    -0.21632
      10.61     -0.4357
      10.62    -0.64577
      10.63    -0.84235
      10.64    -1.02183
      10.65    -1.18128
      10.66    -1.31857
      10.67    -1.43259
      10.68    -1.52314
      10.69    -1.59038
       10.7    -1.63443
      10.71    -1.65527
      10.72    -1.65261
      10.73      -1.626
      10.74     -1.5754
      10.75    -1.50148
      10.76    -1.40549
      10.77    -1.28934
      10.78    -1.15565
      10.79    -1.00742
       10.8    -0.84742
      10.81    -0.67809
      10.82    -0.50166
      10.83    -0.32022
      10.84    -0.13604
      10.85     0.04825
      10.86     0.22976
      10.87     0.40563
      10.88     0.57313
      10.89     0.72993
       10.9     0.87425
      10.91     1.00482
      10.92     1.12084
      10.93     1.22204
      10.94      1.3086
      10.95     1.38091
      10.96     1.43934
      10.97     1.48398
      10.98     1.51456
      10.99      1.5305
        11.       1.531
      11.01     1.51513
      11.02     1.48206
      11.03     1.43117
      11.04     1.36212
      11.05     1.27496
      11.06     1.17027
      11.07     1.04913
      11.08     0.91301
      11.09     0.76386
       11.1     0.60421
      11.11      0.4371
      11.12     0.26571
      11.13     0.09319
      11.14    -0.07753
      11.15    -0.24368
      11.16    -0.40263
      11.17    -0.55176
      11.18    -0.68848
      11.19    -0.81032
       11.2     -0.9151
      11.21    -1.00111
      11.22    -1.06727
      11.23    -1.11314
      11.24    -1.13883
      11.25    -1.14487
      11.26    -1.13204
      11.27     -1.1012
      11.28    -1.05326
      11.29    -0.98936
       11.3    -0.91098
      11.31    -0.81995
      11.32    -0.71826
      11.33     -0.6079
      11.34    -0.49098
      11.35    -0.36953
      11.36    -0.24533
      11.37    -0.11985
      11.38     0.00581
      11.39     0.13088
       11.4     0.25459
      11.41     0.37585
      11.42     0.49326
      11.43     0.60497
      11.44     0.70867
      11.45     0.80178
      11.46     0.88147
      11.47     0.94479
      11.48     0.98893
      11.49     1.01148
       11.5     1.01059
      11.51     0.98492
      11.52     0.93393
      11.53     0.85783
      11.54     0.75766
      11.55     0.63518
      11.56       0.493
      11.57     0.33474
      11.58     0.16545
      11.59    -0.00885
       11.6      -0.182
      11.61    -0.34816
      11.62    -0.50213
      11.63     -0.6397
      11.64    -0.75773
      11.65    -0.85417
      11.66      -0.928
      11.67     -0.9791
      11.68    -1.00801
      11.69    -1.01582
       11.7     -1.0041
      11.71    -0.97482
      11.72    -0.93052
      11.73    -0.87422
      11.74    -0.80903
      11.75    -0.73788
      11.76    -0.66342
      11.77    -0.58791
      11.78    -0.51286
      11.79    -0.43905
       11.8    -0.36678
      11.81    -0.29599
      11.82    -0.22628
      11.83      -0.157
      11.84    -0.08758
      11.85    -0.01772
      11.86     0.05266
      11.87     0.12347
      11.88     0.19437
      11.89     0.26464
       11.9     0.33319
      11.91     0.39853
      11.92     0.45887
      11.93     0.51233
      11.94     0.55697
      11.95     0.59081
      11.96     0.61201
      11.97     0.61908
      11.98     0.61103
      11.99      0.5875
        12.     0.54872
      12.01     0.49559
      12.02     0.42952
      12.03     0.35233
      12.04     0.26602
      12.05     0.17276
      12.06     0.07483
      12.07    -0.02532
      12.08    -0.12512
      12.09    -0.22198
       12.1    -0.31335
      12.11    -0.39699
      12.12    -0.47116
      12.13    -0.53457
      12.14    -0.58645
      12.15    -0.62668
      12.16    -0.65568
      12.17    -0.67427
      12.18    -0.68352
      12.19    -0.68453
       12.2    -0.67827
      12.21    -0.66545
      12.22    -0.64646
      12.23    -0.62145
      12.24    -0.59044
      12.25    -0.55349
      12.26    -0.51077
      12.27     -0.4625
      12.28    -0.40891
      12.29    -0.35024
       12.3    -0.28679
      12.31    -0.21899
      12.32     -0.1474
      12.33    -0.07274
      12.34     0.00418
      12.35     0.08248
      12.36      0.1613
      12.37     0.23972
      12.38     0.31672
      12.39     0.39103
       12.4     0.46129
      12.41     0.52607
      12.42       0.584
      12.43     0.63377
      12.44      0.6742
      12.45     0.70424
      12.46       0.723
      12.47     0.72989
      12.48     0.72459
      12.49     0.70716
       12.5     0.67809
      12.51     0.63834
      12.52     0.58915
      12.53     0.53197
      12.54     0.46832
      12.55     0.39989
      12.56     0.32848
      12.57     0.25602
      12.58     0.18439
      12.59     0.11539
       12.6     0.05065
      12.61    -0.00848
      12.62    -0.06092
      12.63    -0.10586
      12.64    -0.14282
      12.65    -0.17169
      12.66    -0.19256
      12.67    -0.20567
      12.68    -0.21125
      12.69     -0.2096
       12.7    -0.20125
      12.71    -0.18677
      12.72    -0.16681
      12.73    -0.14197
      12.74     -0.1129
      12.75    -0.08036
      12.76    -0.04539
      12.77    -0.00922
      12.78     0.02702
      12.79     0.06248
       12.8      0.0964
      12.81     0.12788
      12.82     0.15592
      12.83     0.17944
      12.84     0.19743
      12.85     0.20894
      12.86     0.21307
      12.87      0.2093
      12.88     0.19749
      12.89     0.17779
       12.9     0.15067
      12.91     0.11699
      12.92     0.07778
      12.93     0.03411
      12.94    -0.01299
      12.95    -0.06263
      12.96     -0.1139
      12.97    -0.16586
      12.98    -0.21755
      12.99    -0.26798
        13.    -0.31621
      13.01    -0.36129
      13.02    -0.40238
      13.03    -0.43879
      13.04       -0.47
      13.05    -0.49552
      13.06    -0.51477
      13.07    -0.52697
      13.08    -0.53134
      13.09    -0.52718
       13.1    -0.51405
      13.11    -0.49192
      13.12    -0.46114
      13.13     -0.4224
      13.14    -0.37665
      13.15    -0.32493
      13.16    -0.26822
      13.17    -0.20736
      13.18    -0.14295
      13.19    -0.07557
       13.2    -0.00598
      13.21     0.06482
      13.22     0.13565
      13.23     0.20521
      13.24       0.272
      13.25     0.33431
      13.26     0.39023
      13.27     0.43793
      13.28     0.47587
      13.29      0.5029
       13.3     0.51837
      13.31     0.52203
      13.32     0.51413
      13.33     0.49543
      13.34      0.4672
      13.35     0.43114
      13.36     0.38935
      13.37      0.3441
      13.38     0.29762
      13.39     0.25181
       13.4     0.20802
      13.41     0.16711
      13.42     0.12952
      13.43      0.0952
      13.44     0.06381
      13.45     0.03476
      13.46     0.00736
      13.47    -0.01925
      13.48    -0.04614
      13.49     -0.0747
       13.5    -0.10621
      13.51    -0.14154
      13.52    -0.18101
      13.53    -0.22438
      13.54    -0.27084
      13.55    -0.31909
      13.56    -0.36739
      13.57    -0.41371
      13.58    -0.45593
      13.59    -0.49208
       13.6    -0.52052
      13.61     -0.5399
      13.62     -0.5491
      13.63     -0.5473
      13.64    -0.53421
      13.65    -0.51015
      13.66      -0.476
      13.67    -0.43298
      13.68    -0.38237
      13.69    -0.32545
       13.7    -0.26344
      13.71    -0.19752
      13.72    -0.12884
      13.73    -0.05844
      13.74     0.01272
      13.75     0.08373
      13.76     0.15372
      13.77     0.22186
      13.78     0.28734
      13.79     0.34944
       13.8     0.40761
      13.81     0.46161
      13.82     0.51146
      13.83     0.55723
      13.84     0.59896
      13.85     0.63645
      13.86     0.66933
      13.87     0.69712
      13.88     0.71924
      13.89      0.7351
       13.9     0.74415
      13.91     0.74583
      13.92     0.73963
      13.93     0.72511
      13.94     0.70197
      13.95     0.67002
      13.96     0.62925
      13.97     0.57984
      13.98     0.52216
      13.99     0.45677
        14.      0.3845
      14.01     0.30641
      14.02     0.22382
      14.03     0.13817
      14.04     0.05097
      14.05    -0.03621
      14.06    -0.12186
      14.07     -0.2046
      14.08    -0.28313
      14.09    -0.35625
       14.1    -0.42285
      14.11    -0.48202
      14.12     -0.5331
      14.13    -0.57566
      14.14    -0.60954
      14.15    -0.63477
      14.16    -0.65159
      14.17     -0.6604
      14.18    -0.66178
      14.19    -0.65638
       14.2    -0.64487
      14.21    -0.62795
      14.22    -0.60614
      14.23    -0.57973
      14.24    -0.54881
      14.25    -0.51312
      14.26    -0.47234
      14.27    -0.42634
      14.28    -0.37516
      14.29    -0.31892
       14.3    -0.25789
      14.31    -0.19239
      14.32    -0.12272
      14.33    -0.04926
      14.34     0.02729
      14.35     0.10591
      14.36     0.18529
      14.37     0.26393
      14.38     0.34024
      14.39     0.41264
       14.4     0.47954
      14.41     0.53945
      14.42     0.59103
      14.43     0.63315
      14.44     0.66495
      14.45     0.68592
      14.46     0.69593
      14.47     0.69521
      14.48     0.68433
      14.49     0.66414
       14.5     0.63566
      14.51     0.60001
      14.52     0.55835
      14.53     0.51188
      14.54     0.46178
      14.55     0.40925
      14.56      0.3555
      14.57     0.30157
      14.58     0.24819
      14.59     0.19574
       14.6     0.14412
      14.61     0.09282
      14.62     0.04127
      14.63    -0.01068
      14.64    -0.06277
      14.65    -0.11454
      14.66    -0.16536
      14.67    -0.21465
      14.68    -0.26187
      14.69    -0.30651
       14.7    -0.34813
      14.71    -0.38631
      14.72    -0.42057
      14.73    -0.45038
      14.74     -0.4752
      14.75    -0.49457
      14.76    -0.50818
      14.77    -0.51582
      14.78     -0.5172
      14.79    -0.51196
       14.8    -0.49986
      14.81    -0.48098
      14.82    -0.45566
      14.83    -0.42455
      14.84     -0.3885
      14.85    -0.34843
      14.86    -0.30523
      14.87    -0.25974
      14.88    -0.21277
      14.89    -0.16507
       14.9     -0.1173
      14.91    -0.06995
      14.92    -0.02337
      14.93     0.02222
      14.94     0.06669
      14.95     0.10997
      14.96     0.15189
      14.97     0.19216
      14.98     0.23033
      14.99     0.26576
        15.     0.29771
      15.01     0.32546
      15.02     0.34849
      15.03     0.36631
      15.04     0.37849
      15.05     0.38462
      15.06     0.38434
      15.07     0.37735
      15.08     0.36359
      15.09     0.34316
       15.1     0.31626
      15.11     0.28316
      15.12     0.24427
      15.13     0.20011
      15.14      0.1513
      15.15     0.09853
      15.16      0.0427
      15.17    -0.01515
      15.18     -0.0739
      15.19    -0.13253
       15.2    -0.19017
      15.21      -0.246
      15.22    -0.29927
      15.23    -0.34928
      15.24    -0.39534
      15.25    -0.43674
      15.26    -0.47266
      15.27    -0.50217
      15.28    -0.52437
      15.29    -0.53836
       15.3    -0.54336
      15.31    -0.53902
      15.32    -0.52535
      15.33    -0.50264
      15.34    -0.47149
      15.35    -0.43281
      15.36    -0.38781
      15.37    -0.33786
      15.38    -0.28433
      15.39    -0.22841
       15.4    -0.17107
      15.41    -0.11313
      15.42    -0.05522
      15.43     0.00211
      15.44     0.05823
      15.45     0.11233
      15.46     0.16348
      15.47     0.21063
      15.48      0.2529
      15.49      0.2897
       15.5     0.32065
      15.51     0.34549
      15.52     0.36407
      15.53     0.37625
      15.54     0.38183
      15.55     0.38054
      15.56     0.37216
      15.57     0.35659
      15.58     0.33395
      15.59     0.30455
       15.6     0.26896
      15.61     0.22804
      15.62     0.18293
      15.63       0.135
      15.64     0.08581
      15.65     0.03688
      15.66    -0.01054
      15.67    -0.05548
      15.68    -0.09722
      15.69    -0.13526
       15.7    -0.16927
      15.71    -0.19907
      15.72    -0.22454
      15.73    -0.24557
      15.74    -0.26215
      15.75     -0.2744
      15.76    -0.28255
      15.77    -0.28687
      15.78     -0.2876
      15.79    -0.28489
       15.8    -0.27879
      15.81    -0.26927
      15.82    -0.25632
      15.83    -0.23991
      15.84    -0.22004
      15.85    -0.19677
      15.86    -0.17033
      15.87    -0.14115
      15.88    -0.10976
      15.89    -0.07674
       15.9    -0.04261
      15.91    -0.00774
      15.92     0.02747
      15.93     0.06247
      15.94     0.09655
      15.95     0.12903
      15.96      0.1593
      15.97     0.18697
      15.98     0.21187
      15.99     0.23413
        16.      0.2541
      16.01     0.27224
      16.02      0.2889
      16.03     0.30428
      16.04     0.31842
      16.05      0.3312
      16.06     0.34232
      16.07     0.35136
      16.08     0.35778
      16.09     0.36093
       16.1     0.36009
      16.11     0.35469
      16.12     0.34446
      16.13     0.32958
      16.14      0.3106
      16.15     0.28825
      16.16     0.26326
      16.17     0.23646
      16.18     0.20871
      16.19     0.18076
       16.2     0.15324
      16.21     0.12662
      16.22     0.10114
      16.23     0.07683
      16.24     0.05357
      16.25     0.03113
      16.26     0.00928
      16.27    -0.01206
      16.28    -0.03281
      16.29    -0.05277
       16.3    -0.07169
      16.31    -0.08923
      16.32    -0.10509
      16.33    -0.11896
      16.34    -0.13068
      16.35     -0.1402
      16.36    -0.14768
      16.37    -0.15336
      16.38    -0.15751
      16.39    -0.16054
       16.4    -0.16288
      16.41    -0.16493
      16.42    -0.16706
      16.43    -0.16953
      16.44    -0.17243
      16.45    -0.17572
      16.46    -0.17928
      16.47    -0.18289
      16.48    -0.18624
      16.49    -0.18893
       16.5    -0.19056
      16.51    -0.19079
      16.52     -0.1893
      16.53     -0.1858
      16.54    -0.18002
      16.55    -0.17181
      16.56    -0.16116
      16.57    -0.14825
      16.58    -0.13348
      16.59    -0.11729
       16.6     -0.1001
      16.61    -0.08228
      16.62    -0.06409
      16.63    -0.04565
      16.64    -0.02697
      16.65    -0.00801
      16.66     0.01132
      16.67     0.03105
      16.68     0.05116
      16.69     0.07156
       16.7     0.09216
      16.71     0.11288
      16.72     0.13353
      16.73     0.15382
      16.74     0.17334
      16.75     0.19151
      16.76     0.20762
      16.77      0.2209
      16.78     0.23071
      16.79     0.23666
       16.8     0.23861
      16.81     0.23656
      16.82     0.23062
      16.83     0.22092
      16.84     0.20766
      16.85     0.19111
      16.86     0.17162
      16.87     0.14971
      16.88     0.12603
      16.89     0.10128
       16.9     0.07604
      16.91     0.05072
      16.92     0.02558
      16.93   8.416E-04
      16.94    -0.02337
      16.95    -0.04687
      16.96    -0.06952
      16.97    -0.09117
      16.98    -0.11151
      16.99    -0.13007
        17.    -0.14632
      17.01    -0.15981
      17.02    -0.17026
      17.03    -0.17766
      17.04    -0.18214
      17.05    -0.18404
      17.06    -0.18362
      17.07    -0.18103
      17.08    -0.17632
      17.09    -0.16936
       17.1    -0.15988
      17.11     -0.1476
      17.12    -0.13245
      17.13    -0.11459
      17.14     -0.0943
      17.15    -0.07202
      17.16    -0.04826
      17.17    -0.02343
      17.18      0.0021
      17.19     0.02803
       17.2     0.05397
      17.21     0.07946
      17.22     0.10394
      17.23     0.12671
      17.24     0.14695
      17.25     0.16375
      17.26     0.17621
      17.27     0.18367
      17.28     0.18575
      17.29     0.18237
       17.3     0.17378
      17.31     0.16039
      17.32     0.14273
      17.33     0.12136
      17.34      0.0967
      17.35     0.06916
      17.36     0.03912
      17.37     0.00703
      17.38    -0.02667
      17.39    -0.06153
       17.4     -0.0971
      17.41    -0.13291
      17.42    -0.16847
      17.43    -0.20331
      17.44    -0.23696
      17.45    -0.26889
      17.46    -0.29847
      17.47      -0.325
      17.48     -0.3477
      17.49     -0.3659
       17.5    -0.37921
      17.51    -0.38733
      17.52    -0.39013
      17.53    -0.38754
      17.54    -0.37953
      17.55    -0.36618
      17.56    -0.34764
      17.57    -0.32424
      17.58    -0.29649
      17.59    -0.26504
       17.6    -0.23061
      17.61    -0.19401
      17.62    -0.15604
      17.63    -0.11744
      17.64    -0.07882
      17.65    -0.04062
      17.66    -0.00317
      17.67     0.03343
      17.68     0.06918
      17.69     0.10406
       17.7     0.13793
      17.71      0.1705
      17.72     0.20147
      17.73     0.23053
      17.74     0.25743
      17.75     0.28189
      17.76     0.30354
      17.77      0.3219
      17.78     0.33642
      17.79     0.34646
       17.8     0.35127
      17.81     0.35014
      17.82     0.34253
      17.83     0.32818
      17.84     0.30716
      17.85     0.27978
      17.86     0.24658
      17.87     0.20834
      17.88     0.16604
      17.89     0.12078
       17.9     0.07384
      17.91     0.02657
      17.92     -0.0198
      17.93    -0.06419
      17.94    -0.10566
      17.95    -0.14347
      17.96    -0.17714
      17.97    -0.20638
      17.98    -0.23113
      17.99    -0.25144
        18.    -0.26747
      18.01    -0.27933
      18.02    -0.28718
      18.03     -0.2911
      18.04     -0.2911
      18.05     -0.2872
      18.06    -0.27939
      18.07    -0.26769
      18.08    -0.25207
      18.09    -0.23251
       18.1    -0.20898
      18.11    -0.18147
      18.12    -0.14999
      18.13    -0.11471
      18.14    -0.07592
      18.15    -0.03405
      18.16     0.01036
      18.17     0.05667
      18.18     0.10419
      18.19     0.15218
       18.2     0.19984
      18.21     0.24642
      18.22     0.29126
      18.23     0.33378
      18.24     0.37339
      18.25     0.40952
      18.26     0.44156
      18.27      0.4686
      18.28     0.48967
      18.29     0.50389
       18.3     0.51066
      18.31     0.50964
      18.32     0.50086
      18.33     0.48458
      18.34     0.46123
      18.35     0.43137
      18.36      0.3956
      18.37     0.35471
      18.38     0.30962
      18.39     0.26147
       18.4     0.21152
      18.41     0.16102
      18.42      0.1111
      18.43     0.06277
      18.44     0.01686
      18.45    -0.02604
      18.46    -0.06549
      18.47    -0.10129
      18.48    -0.13335
      18.49     -0.1617
       18.5    -0.18639
      18.51    -0.20747
      18.52    -0.22498
      18.53    -0.23892
      18.54     -0.2493
      18.55    -0.25605
      18.56    -0.25911
      18.57    -0.25832
      18.58    -0.25351
      18.59    -0.24447
       18.6    -0.23104
      18.61    -0.21314
      18.62    -0.19083
      18.63    -0.16436
      18.64    -0.13416
      18.65    -0.10093
      18.66    -0.06552
      18.67    -0.02891
      18.68     0.00791
      18.69     0.04404
       18.7     0.07869
      18.71     0.11118
      18.72       0.141
      18.73     0.16789
      18.74     0.19168
      18.75     0.21231
      18.76     0.22971
      18.77     0.24386
      18.78     0.25475
      18.79     0.26235
       18.8     0.26663
      18.81     0.26746
      18.82      0.2647
      18.83     0.25814
      18.84      0.2476
      18.85     0.23303
      18.86     0.21458
      18.87     0.19257
      18.88     0.16754
      18.89     0.14016
       18.9     0.11114
      18.91     0.08118
      18.92     0.05099
      18.93     0.02127
      18.94    -0.00733
      18.95    -0.03419
      18.96    -0.05883
      18.97    -0.08084
      18.98    -0.09998
      18.99    -0.11613
        19.    -0.12925
      19.01    -0.13946
      19.02    -0.14698
      19.03    -0.15211
      19.04    -0.15522
      19.05    -0.15675
      19.06    -0.15713
      19.07    -0.15663
      19.08    -0.15539
      19.09    -0.15337
       19.1    -0.15042
      19.11    -0.14631
      19.12     -0.1408
      19.13    -0.13373
      19.14    -0.12505
      19.15    -0.11481
      19.16    -0.10318
      19.17    -0.09046
      19.18    -0.07699
      19.19    -0.06317
       19.2    -0.04952
      19.21    -0.03661
      19.22    -0.02501
      19.23    -0.01525
      19.24    -0.00783
      19.25    -0.00311
      19.26    -0.00133
      19.27    -0.00259
      19.28     -0.0068
      19.29    -0.01379
       19.3    -0.02328
      19.31    -0.03483
      19.32    -0.04785
      19.33    -0.06167
      19.34    -0.07552
      19.35    -0.08873
      19.36    -0.10075
      19.37    -0.11124
      19.38    -0.12002
      19.39    -0.12709
       19.4    -0.13251
      19.41    -0.13637
      19.42    -0.13883
      19.43    -0.14009
      19.44    -0.14027
      19.45    -0.13959
      19.46     -0.1382
      19.47    -0.13634
      19.48    -0.13425
      19.49    -0.13218
       19.5    -0.13037
      19.51    -0.12908
      19.52    -0.12845
      19.53     -0.1285
      19.54    -0.12909
      19.55     -0.1299
      19.56    -0.13053
      19.57    -0.13056
      19.58     -0.1296
      19.59    -0.12729
       19.6     -0.1233
      19.61    -0.11733
      19.62    -0.10916
      19.63    -0.09868
      19.64    -0.08595
      19.65    -0.07121
      19.66    -0.05476
      19.67    -0.03696
      19.68    -0.01815
      19.69     0.00135
       19.7     0.02118
      19.71     0.04088
      19.72     0.05994
      19.73     0.07792
      19.74     0.09439
      19.75     0.10908
      19.76     0.12187
      19.77     0.13273
      19.78      0.1417
      19.79     0.14884
       19.8     0.15424
      19.81     0.15794
      19.82     0.16004
      19.83     0.16065
      19.84     0.15984
      19.85     0.15761
      19.86     0.15388
      19.87     0.14851
      19.88     0.14127
      19.89     0.13188
       19.9     0.12012
      19.91     0.10581
      19.92     0.08884
      19.93     0.06917
      19.94     0.04695
      19.95     0.02248
      19.96    -0.00375
      19.97     -0.0312
      19.98    -0.05917
      19.99    -0.08686
        20.    -0.11345
