         0.          0.
       0.01   2.320E-05
       0.02   9.186E-05
       0.03   2.058E-04
       0.04   3.639E-04
       0.05   5.658E-04
       0.06   8.097E-04
       0.07     0.00109
       0.08     0.00142
       0.09     0.00178
        0.1     0.00217
       0.11      0.0026
       0.12     0.00305
       0.13     0.00352
       0.14     0.00401
       0.15      0.0045
       0.16     0.00498
       0.17     0.00544
       0.18     0.00588
       0.19     0.00628
        0.2     0.00664
       0.21     0.00694
       0.22     0.00717
       0.23     0.00732
       0.24      0.0074
       0.25      0.0074
       0.26     0.00731
       0.27     0.00715
       0.28     0.00691
       0.29      0.0066
        0.3     0.00623
       0.31     0.00581
       0.32     0.00535
       0.33     0.00485
       0.34     0.00432
       0.35     0.00375
       0.36     0.00315
       0.37     0.00252
       0.38     0.00188
       0.39     0.00126
        0.4   6.599E-04
       0.41   7.457E-05
       0.42  -4.907E-04
       0.43    -0.00102
       0.44    -0.00149
       0.45    -0.00189
       0.46    -0.00223
       0.47     -0.0025
       0.48    -0.00271
       0.49    -0.00282
        0.5    -0.00283
       0.51    -0.00273
       0.52    -0.00254
       0.53    -0.00231
       0.54    -0.00211
       0.55    -0.00195
       0.56    -0.00179
       0.57    -0.00159
       0.58    -0.00135
       0.59    -0.00107
        0.6  -7.801E-04
       0.61  -5.211E-04
       0.62  -3.227E-04
       0.63  -1.690E-04
       0.64   1.618E-06
       0.65   2.372E-04
       0.66   5.453E-04
       0.67   9.054E-04
       0.68     0.00132
       0.69     0.00183
        0.7     0.00252
       0.71     0.00347
       0.72     0.00464
       0.73     0.00594
       0.74     0.00724
       0.75     0.00841
       0.76     0.00937
       0.77     0.01009
       0.78     0.01064
       0.79     0.01108
        0.8     0.01141
       0.81     0.01158
       0.82     0.01156
       0.83     0.01135
       0.84     0.01091
       0.85     0.01008
       0.86     0.00877
       0.87     0.00695
       0.88     0.00472
       0.89     0.00229
        0.9  -9.336E-05
       0.91    -0.00222
       0.92    -0.00402
       0.93    -0.00557
       0.94    -0.00697
       0.95    -0.00827
       0.96    -0.00943
       0.97    -0.01029
       0.98    -0.01072
       0.99    -0.01074
         1.    -0.01044
       1.01    -0.00989
       1.02    -0.00907
       1.03    -0.00793
       1.04     -0.0064
       1.05    -0.00453
       1.06    -0.00255
       1.07  -6.815E-04
       1.08   9.663E-04
       1.09     0.00238
        1.1     0.00353
       1.11     0.00434
       1.12      0.0047
       1.13     0.00454
       1.14     0.00383
       1.15     0.00259
       1.16   7.777E-04
       1.17    -0.00163
       1.18    -0.00452
       1.19    -0.00768
        1.2     -0.0109
       1.21    -0.01393
       1.22    -0.01661
       1.23    -0.01896
       1.24    -0.02133
       1.25    -0.02397
       1.26    -0.02683
       1.27    -0.02966
       1.28    -0.03223
       1.29    -0.03453
        1.3    -0.03662
       1.31    -0.03849
       1.32    -0.04005
       1.33    -0.04114
       1.34    -0.04173
       1.35    -0.04201
       1.36     -0.0421
       1.37    -0.04183
       1.38    -0.04085
       1.39     -0.0389
        1.4    -0.03602
       1.41    -0.03237
       1.42    -0.02808
       1.43    -0.02327
       1.44    -0.01815
       1.45    -0.01301
       1.46    -0.00815
       1.47     -0.0038
       1.48   1.270E-05
       1.49     0.00329
        1.5       0.006
       1.51      0.0082
       1.52     0.00999
       1.53     0.01134
       1.54     0.01206
       1.55     0.01194
       1.56     0.01083
       1.57     0.00869
       1.58      0.0055
       1.59      0.0013
        1.6    -0.00368
       1.61    -0.00906
       1.62    -0.01446
       1.63    -0.01938
       1.64    -0.02335
       1.65    -0.02607
       1.66    -0.02743
       1.67    -0.02746
       1.68     -0.0263
       1.69    -0.02424
        1.7    -0.02164
       1.71    -0.01895
       1.72     -0.0166
       1.73    -0.01496
       1.74    -0.01428
       1.75    -0.01464
       1.76    -0.01603
       1.77    -0.01838
       1.78    -0.02166
       1.79    -0.02603
        1.8    -0.03184
       1.81    -0.03921
       1.82    -0.04772
       1.83    -0.05654
       1.84    -0.06491
       1.85    -0.07229
       1.86     -0.0783
       1.87    -0.08259
       1.88      -0.085
       1.89    -0.08562
        1.9    -0.08465
       1.91    -0.08217
       1.92      -0.078
       1.93      -0.072
       1.94    -0.06439
       1.95    -0.05571
       1.96    -0.04658
       1.97    -0.03743
       1.98    -0.02836
       1.99     -0.0192
         2.    -0.00951
       2.01   8.309E-04
       2.02     0.01145
       2.03     0.02196
       2.04      0.0323
       2.05     0.04266
       2.06     0.05299
       2.07     0.06268
       2.08     0.07092
       2.09     0.07729
        2.1     0.08169
       2.11      0.0843
       2.12     0.08561
       2.13     0.08606
       2.14     0.08565
       2.15     0.08414
       2.16      0.0815
       2.17     0.07811
       2.18     0.07422
       2.19     0.06981
        2.2     0.06477
       2.21     0.05895
       2.22     0.05198
       2.23     0.04331
       2.24     0.03271
       2.25      0.0204
       2.26     0.00673
       2.27    -0.00805
       2.28    -0.02371
       2.29     -0.0399
        2.3    -0.05615
       2.31    -0.07176
       2.32    -0.08583
       2.33    -0.09741
       2.34    -0.10583
       2.35    -0.11072
       2.36     -0.1118
       2.37    -0.10887
       2.38     -0.1021
       2.39    -0.09187
        2.4     -0.0786
       2.41    -0.06288
       2.42    -0.04544
       2.43    -0.02687
       2.44    -0.00711
       2.45     0.01431
       2.46     0.03764
       2.47     0.06272
       2.48     0.08906
       2.49     0.11588
        2.5      0.1421
       2.51     0.16643
       2.52     0.18767
       2.53     0.20512
       2.54     0.21857
       2.55     0.22821
       2.56      0.2342
       2.57     0.23661
       2.58     0.23555
       2.59     0.23128
        2.6     0.22423
       2.61     0.21485
       2.62     0.20345
       2.63     0.19008
       2.64     0.17461
       2.65     0.15701
       2.66      0.1373
       2.67     0.11572
       2.68     0.09306
       2.69     0.07074
        2.7        0.05
       2.71     0.03135
       2.72     0.01505
       2.73     0.00157
       2.74    -0.00827
       2.75    -0.01346
       2.76    -0.01321
       2.77    -0.00702
       2.78     0.00544
       2.79     0.02439
        2.8     0.04973
       2.81     0.08097
       2.82     0.11741
       2.83     0.15838
       2.84     0.20328
       2.85     0.25144
       2.86     0.30198
       2.87     0.35386
       2.88     0.40595
       2.89     0.45703
        2.9     0.50579
       2.91     0.55092
       2.92     0.59124
       2.93      0.6257
       2.94     0.65337
       2.95     0.67319
       2.96     0.68374
       2.97     0.68318
       2.98     0.66983
       2.99     0.64304
         3.     0.60313
       3.01     0.55106
       3.02     0.48834
       3.03     0.41671
       3.04     0.33777
       3.05     0.25297
       3.06     0.16364
       3.07     0.07105
       3.08    -0.02359
       3.09    -0.11917
        3.1     -0.2145
       3.11     -0.3082
       3.12    -0.39867
       3.13    -0.48361
       3.14    -0.55945
       3.15    -0.62228
       3.16     -0.6692
       3.17    -0.69864
       3.18    -0.70995
       3.19     -0.7029
        3.2    -0.67757
       3.21    -0.63437
       3.22    -0.57394
       3.23    -0.49712
       3.24    -0.40497
       3.25    -0.29891
       3.26    -0.18074
       3.27    -0.05276
       3.28     0.08188
       3.29     0.21942
        3.3     0.35626
       3.31     0.48925
       3.32     0.61557
       3.33     0.73266
       3.34     0.83818
       3.35     0.93003
       3.36     1.00632
       3.37      1.0654
       3.38     1.10599
       3.39     1.12703
        3.4     1.12746
       3.41     1.10628
       3.42     1.06266
       3.43     0.99617
       3.44     0.90667
       3.45     0.79453
       3.46     0.66124
       3.47     0.50981
       3.48     0.34549
       3.49     0.17516
        3.5     0.00401
       3.51    -0.16481
       3.52    -0.32892
       3.53    -0.48667
       3.54    -0.63764
       3.55    -0.78254
       3.56    -0.92139
       3.57    -1.05298
       3.58    -1.17545
       3.59    -1.28689
        3.6    -1.38556
       3.61    -1.47002
       3.62    -1.53922
       3.63    -1.59256
       3.64     -1.6301
       3.65    -1.65269
       3.66    -1.66158
       3.67    -1.65831
       3.68    -1.64425
       3.69    -1.62074
        3.7    -1.58899
       3.71    -1.54964
       3.72    -1.50205
       3.73     -1.4435
       3.74    -1.37111
       3.75     -1.2839
       3.76    -1.18225
       3.77    -1.06754
       3.78    -0.94209
       3.79     -0.8083
        3.8    -0.66804
       3.81    -0.52274
       3.82    -0.37365
       3.83    -0.22179
       3.84    -0.06808
       3.85     0.08633
       3.86     0.24027
       3.87     0.39271
       3.88     0.54244
       3.89     0.68755
        3.9      0.8254
       3.91     0.95271
       3.92     1.06555
       3.93     1.15924
       3.94     1.22894
       3.95     1.27092
       3.96     1.28348
       3.97      1.2664
       3.98     1.22029
       3.99     1.14648
         4.     1.04693
       4.01      0.9242
       4.02     0.78086
       4.03     0.61951
       4.04     0.44346
       4.05     0.25679
       4.06     0.06384
       4.07    -0.13162
       4.08    -0.32653
       4.09    -0.51864
        4.1    -0.70602
       4.11    -0.88673
       4.12    -1.05882
       4.13    -1.22004
       4.14    -1.36767
       4.15    -1.49894
       4.16     -1.6114
       4.17     -1.7029
       4.18    -1.77154
       4.19    -1.81564
        4.2    -1.83405
       4.21    -1.82639
       4.22    -1.79309
       4.23    -1.73515
       4.24    -1.65392
       4.25    -1.55083
       4.26    -1.42727
       4.27    -1.28476
       4.28    -1.12512
       4.29     -0.9501
        4.3    -0.76095
       4.31     -0.5587
       4.32    -0.34447
       4.33    -0.11957
       4.34     0.11453
       4.35     0.35549
       4.36     0.60008
       4.37     0.84436
       4.38     1.08374
       4.39     1.31342
        4.4     1.52862
       4.41     1.72496
       4.42     1.89891
       4.43      2.0483
       4.44     2.17223
       4.45     2.27016
       4.46     2.34156
       4.47     2.38614
       4.48     2.40397
       4.49     2.39555
        4.5     2.36174
       4.51     2.30379
       4.52      2.2233
       4.53     2.12214
       4.54     2.00242
       4.55     1.86639
       4.56     1.71633
       4.57     1.55464
       4.58     1.38365
       4.59     1.20524
        4.6     1.02026
       4.61      0.8288
       4.62     0.63153
       4.63     0.43025
       4.64     0.22713
       4.65     0.02428
       4.66    -0.17637
       4.67    -0.37319
       4.68    -0.56481
       4.69    -0.74989
        4.7    -0.92703
       4.71    -1.09462
       4.72     -1.2505
       4.73    -1.39183
       4.74    -1.51531
       4.75    -1.61756
       4.76    -1.69568
       4.77    -1.74743
       4.78    -1.77138
       4.79    -1.76729
        4.8    -1.73584
       4.81    -1.67831
       4.82    -1.59665
       4.83    -1.49321
       4.84     -1.3703
       4.85     -1.2302
       4.86    -1.07555
       4.87    -0.90954
       4.88    -0.73591
       4.89    -0.55884
        4.9    -0.38276
       4.91    -0.21216
       4.92    -0.05121
       4.93     0.09675
       4.94     0.22972
       4.95     0.34771
       4.96     0.45215
       4.97     0.54507
       4.98     0.62819
       4.99     0.70261
         5.     0.76943
       5.01     0.82969
       5.02     0.88416
       5.03     0.93357
       5.04     0.97876
       5.05     1.02038
       5.06     1.05863
       5.07     1.09297
       5.08     1.12244
       5.09     1.14613
        5.1     1.16332
       5.11     1.17313
       5.12     1.17445
       5.13     1.16601
       5.14     1.14671
       5.15     1.11566
       5.16     1.07215
       5.17     1.01585
       5.18     0.94687
       5.19     0.86581
        5.2     0.77362
       5.21     0.67146
       5.22     0.56081
       5.23     0.44352
       5.24     0.32175
       5.25     0.19811
       5.26     0.07557
       5.27    -0.04275
       5.28    -0.15392
       5.29    -0.25561
        5.3    -0.34647
       5.31    -0.42596
       5.32    -0.49393
       5.33     -0.5505
       5.34    -0.59623
       5.35    -0.63219
       5.36    -0.65977
       5.37    -0.68038
       5.38    -0.69573
       5.39    -0.70787
        5.4    -0.71904
       5.41    -0.73138
       5.42     -0.7467
       5.43    -0.76616
       5.44    -0.79002
       5.45    -0.81755
       5.46    -0.84692
       5.47    -0.87515
       5.48    -0.89916
       5.49    -0.91635
        5.5    -0.92452
       5.51    -0.92199
       5.52    -0.90758
       5.53    -0.88026
       5.54    -0.83893
       5.55     -0.7826
       5.56    -0.71121
       5.57    -0.62617
       5.58    -0.52995
       5.59    -0.42454
        5.6    -0.31142
       5.61    -0.19225
       5.62    -0.06899
       5.63     0.05614
       5.64     0.18074
       5.65     0.30206
       5.66     0.41676
       5.67     0.52114
       5.68     0.61174
       5.69     0.68607
        5.7     0.74279
       5.71      0.7818
       5.72     0.80403
       5.73     0.81103
       5.74     0.80446
       5.75     0.78588
       5.76     0.75615
       5.77      0.7158
       5.78     0.66551
       5.79     0.60652
        5.8     0.54083
       5.81     0.47055
       5.82     0.39707
       5.83     0.32074
       5.84     0.24107
       5.85      0.1572
       5.86     0.06832
       5.87    -0.02613
       5.88    -0.12616
       5.89    -0.23131
        5.9    -0.34071
       5.91    -0.45333
       5.92    -0.56821
       5.93    -0.68423
       5.94    -0.79986
       5.95    -0.91305
       5.96    -1.02084
       5.97    -1.11968
       5.98    -1.20589
       5.99    -1.27582
         6.    -1.32604
       6.01     -1.3537
       6.02    -1.35689
       6.03    -1.33464
       6.04     -1.2865
       6.05    -1.21252
       6.06    -1.11349
       6.07    -0.99126
       6.08     -0.8483
       6.09    -0.68719
        6.1    -0.51068
       6.11    -0.32221
       6.12    -0.12635
       6.13      0.0714
       6.14     0.26555
       6.15     0.45156
       6.16     0.62609
       6.17     0.78695
       6.18     0.93259
       6.19     1.06201
        6.2     1.17458
       6.21     1.27006
       6.22     1.34869
       6.23     1.41116
       6.24     1.45881
       6.25     1.49346
       6.26     1.51718
       6.27     1.53187
       6.28     1.53868
       6.29     1.53755
        6.3     1.52787
       6.31     1.50963
       6.32     1.48302
       6.33     1.44788
       6.34     1.40335
       6.35     1.34752
       6.36     1.27764
       6.37     1.19174
       6.38     1.08869
       6.39     0.96776
        6.4     0.82859
       6.41     0.67135
       6.42     0.49679
       6.43     0.30623
       6.44     0.10147
       6.45    -0.11506
       6.46    -0.34012
       6.47    -0.56996
       6.48     -0.8001
       6.49    -1.02479
        6.5    -1.23739
       6.51      -1.432
       6.52    -1.60424
       6.53     -1.7511
       6.54    -1.87076
       6.55    -1.96234
       6.56    -2.02553
       6.57    -2.06075
       6.58    -2.06932
       6.59    -2.05295
        6.6    -2.01332
       6.61    -1.95217
       6.62    -1.87179
       6.63    -1.77524
       6.64    -1.66594
       6.65    -1.54723
       6.66    -1.42194
       6.67    -1.29184
       6.68    -1.15773
       6.69    -1.01978
        6.7    -0.87771
       6.71    -0.73096
       6.72    -0.57937
       6.73    -0.42312
       6.74    -0.26262
       6.75    -0.09827
       6.76     0.06953
       6.77     0.23983
       6.78     0.41077
       6.79     0.57996
        6.8     0.74507
       6.81     0.90344
       6.82     1.05204
       6.83     1.18791
       6.84     1.30863
       6.85     1.41231
       6.86      1.4971
       6.87     1.56136
       6.88     1.60375
       6.89     1.62312
        6.9     1.61882
       6.91     1.59105
       6.92      1.5409
       6.93     1.47023
       6.94     1.38162
       6.95     1.27839
       6.96     1.16438
       6.97     1.04333
       6.98     0.91818
       6.99      0.7916
         7.     0.66675
       7.01     0.54692
       7.02     0.43512
       7.03     0.33408
       7.04     0.24576
       7.05     0.17079
       7.06      0.1085
       7.07     0.05722
       7.08      0.0142
       7.09    -0.02412
        7.1    -0.06123
       7.11    -0.09983
       7.12    -0.14139
       7.13    -0.18637
       7.14    -0.23463
       7.15    -0.28576
       7.16    -0.33925
       7.17    -0.39457
       7.18    -0.45141
       7.19    -0.50982
        7.2    -0.56982
       7.21    -0.63104
       7.22    -0.69263
       7.23    -0.75318
       7.24    -0.81004
       7.25    -0.85825
       7.26    -0.89222
       7.27    -0.90706
       7.28    -0.90011
       7.29    -0.87123
        7.3    -0.82173
       7.31    -0.75314
       7.32    -0.66637
       7.33    -0.56193
       7.34    -0.44045
       7.35    -0.30316
       7.36    -0.15195
       7.37      0.0107
       7.38     0.18185
       7.39     0.35828
        7.4     0.53676
       7.41      0.7144
       7.42     0.88863
       7.43     1.05697
       7.44       1.217
       7.45      1.3658
       7.46     1.50013
       7.47     1.61717
       7.48     1.71446
       7.49     1.79002
        7.5     1.84275
       7.51     1.87206
       7.52     1.87738
       7.53     1.85809
       7.54     1.81403
       7.55     1.74571
       7.56     1.65417
       7.57     1.54089
       7.58     1.40771
       7.59     1.25669
        7.6     1.08997
       7.61     0.90974
       7.62     0.71809
       7.63     0.51694
       7.64     0.30842
       7.65     0.09522
       7.66    -0.11968
       7.67    -0.33338
       7.68    -0.54332
       7.69    -0.74747
        7.7    -0.94418
       7.71    -1.13228
       7.72    -1.31092
       7.73    -1.47951
       7.74    -1.63736
       7.75     -1.7834
       7.76    -1.91616
       7.77    -2.03337
       7.78     -2.1322
       7.79    -2.20993
        7.8    -2.26397
       7.81    -2.29184
       7.82    -2.29134
       7.83      -2.261
       7.84     -2.2002
       7.85    -2.10909
       7.86    -1.98848
       7.87    -1.84006
       7.88    -1.66633
       7.89    -1.46995
        7.9    -1.25362
       7.91    -1.02025
       7.92    -0.77279
       7.93    -0.51432
       7.94    -0.24849
       7.95     0.02006
       7.96     0.28573
       7.97     0.54231
       7.98     0.78354
       7.99     1.00374
         8.     1.19818
       8.01     1.36351
       8.02     1.49813
       8.03     1.60164
       8.04      1.6745
       8.05     1.71769
       8.06     1.73234
       8.07     1.71968
       8.08     1.68114
       8.09     1.61861
        8.1     1.53461
       8.11     1.43206
       8.12     1.31398
       8.13     1.18316
       8.14     1.04188
       8.15     0.89184
       8.16     0.73431
       8.17     0.57066
       8.18     0.40288
       8.19     0.23342
        8.2     0.06412
       8.21    -0.10413
       8.22    -0.27087
       8.23     -0.4358
       8.24     -0.5985
       8.25     -0.7584
       8.26    -0.91448
       8.27    -1.06513
       8.28    -1.20816
       8.29    -1.34118
        8.3    -1.46185
       8.31    -1.56801
       8.32    -1.65759
       8.33    -1.72859
       8.34     -1.7793
       8.35    -1.80855
       8.36    -1.81585
       8.37    -1.80172
       8.38    -1.76748
       8.39    -1.71506
        8.4    -1.64683
       8.41    -1.56538
       8.42     -1.4733
       8.43    -1.37321
       8.44    -1.26761
       8.45    -1.15881
       8.46     -1.0492
       8.47    -0.94145
       8.48    -0.83842
       8.49     -0.7428
        8.5    -0.65666
       8.51    -0.58088
       8.52    -0.51487
       8.53    -0.45702
       8.54    -0.40436
       8.55    -0.35218
       8.56    -0.29531
       8.57    -0.22934
       8.58    -0.15095
       8.59      -0.058
        8.6     0.05089
       8.61      0.1768
       8.62      0.3205
       8.63     0.48212
       8.64     0.66118
       8.65     0.85661
       8.66     1.06639
       8.67     1.28736
       8.68     1.51556
       8.69     1.74606
        8.7     1.97318
       8.71     2.19114
       8.72     2.39425
       8.73     2.57674
       8.74      2.7329
       8.75     2.85762
       8.76      2.9466
       8.77     2.99643
       8.78     3.00464
       8.79     2.96982
        8.8     2.89174
       8.81     2.77134
       8.82     2.61064
       8.83     2.41272
       8.84     2.18172
       8.85     1.92254
       8.86     1.64045
       8.87     1.34075
       8.88     1.02872
       8.89     0.70956
        8.9     0.38825
       8.91     0.06939
       8.92    -0.24277
       8.93    -0.54436
       8.94    -0.83199
       8.95    -1.10288
       8.96     -1.3547
       8.97    -1.58514
       8.98    -1.79182
       8.99    -1.97249
         9.    -2.12523
       9.01    -2.24864
       9.02    -2.34185
       9.03    -2.40457
       9.04    -2.43695
       9.05    -2.43946
       9.06    -2.41288
       9.07    -2.35835
       9.08    -2.27741
       9.09     -2.1719
        9.1    -2.04389
       9.11    -1.89546
       9.12    -1.72841
       9.13    -1.54409
       9.14    -1.34328
       9.15    -1.12673
       9.16    -0.89628
       9.17    -0.65504
       9.18    -0.40673
       9.19    -0.15545
        9.2     0.09418
       9.21     0.33736
       9.22     0.57003
       9.23     0.78973
       9.24     0.99515
       9.25     1.18535
       9.26     1.35939
       9.27     1.51587
       9.28     1.65316
       9.29     1.76978
        9.3     1.86477
       9.31     1.93789
       9.32     1.98971
       9.33     2.02119
       9.34     2.03312
       9.35     2.02608
       9.36     2.00057
       9.37     1.95703
       9.38     1.89582
       9.39     1.81717
        9.4     1.72131
       9.41     1.60877
       9.42     1.48069
       9.43     1.33888
       9.44     1.18569
       9.45     1.02363
       9.46     0.85481
       9.47     0.68092
       9.48     0.50312
       9.49     0.32209
        9.5     0.13846
       9.51    -0.04701
       9.52    -0.23348
       9.53    -0.41999
       9.54    -0.60542
       9.55    -0.78857
       9.56      -0.968
       9.57    -1.14187
       9.58    -1.30818
       9.59    -1.46498
        9.6    -1.61043
       9.61    -1.74291
       9.62      -1.861
       9.63    -1.96335
       9.64    -2.04856
       9.65     -2.1152
       9.66    -2.16192
       9.67    -2.18751
       9.68    -2.19104
       9.69    -2.17183
        9.7    -2.12918
       9.71    -2.06236
       9.72    -1.97103
       9.73    -1.85557
       9.74    -1.71727
       9.75    -1.55811
       9.76    -1.38006
       9.77    -1.18487
       9.78    -0.97397
       9.79    -0.74893
        9.8    -0.51171
       9.81     -0.2646
       9.82    -0.01031
       9.83     0.24799
       9.84     0.50694
       9.85     0.76302
       9.86      1.0126
       9.87     1.25216
       9.88     1.47838
       9.89     1.68845
        9.9     1.88025
       9.91     2.05212
       9.92     2.20267
       9.93     2.33091
       9.94     2.43609
       9.95     2.51744
       9.96     2.57323
       9.97     2.60128
       9.98     2.59989
       9.99     2.56779
        10.     2.50417
      10.01     2.40891
      10.02     2.28248
      10.03     2.12589
      10.04     1.94051
      10.05      1.7278
      10.06     1.48901
      10.07     1.22539
      10.08     0.93872
      10.09     0.63163
       10.1      0.3078
      10.11    -0.02813
      10.12    -0.37068
      10.13     -0.7142
      10.14    -1.05332
      10.15    -1.38302
      10.16     -1.6985
      10.17    -1.99509
      10.18    -2.26791
      10.19    -2.51171
       10.2    -2.72072
      10.21     -2.8894
      10.22    -3.01279
      10.23    -3.08659
      10.24    -3.10746
      10.25    -3.07352
      10.26    -2.98442
      10.27    -2.84123
      10.28     -2.6465
      10.29    -2.40409
       10.3    -2.11906
      10.31    -1.79714
      10.32    -1.44442
      10.33    -1.06726
      10.34    -0.67234
      10.35    -0.26673
      10.36     0.14186
      10.37     0.54512
      10.38     0.93465
      10.39     1.30219
       10.4     1.63995
      10.41     1.94117
      10.42     2.20031
      10.43     2.41308
      10.44     2.57644
      10.45     2.68851
      10.46     2.74842
      10.47     2.75623
      10.48     2.71286
      10.49     2.62017
       10.5     2.48101
      10.51     2.29921
      10.52     2.07946
      10.53      1.8269
      10.54     1.54681
      10.55     1.24456
      10.56     0.92572
      10.57     0.59593
      10.58     0.26079
      10.59    -0.07404
       10.6    -0.40273
      10.61    -0.71931
      10.62    -1.01842
      10.63    -1.29566
      10.64    -1.54739
      10.65    -1.77076
      10.66    -1.96374
      10.67    -2.12526
      10.68    -2.25494
      10.69    -2.35265
       10.7    -2.41804
      10.71    -2.45051
      10.72    -2.44924
      10.73    -2.41332
      10.74    -2.34248
      10.75    -2.23742
      10.76    -2.09977
      10.77     -1.9321
      10.78    -1.73795
      10.79    -1.52144
       10.8    -1.28652
      10.81    -1.03687
      10.82    -0.77587
      10.83    -0.50671
      10.84    -0.23268
      10.85     0.04257
      10.86     0.31516
      10.87     0.58118
      10.88     0.83674
      10.89     1.07824
       10.9     1.30252
      10.91     1.50684
      10.92     1.68893
      10.93     1.84707
      10.94     1.98017
      10.95     2.08762
      10.96     2.16914
      10.97     2.22457
      10.98      2.2539
      10.99     2.25727
        11.     2.23508
      11.01     2.18793
      11.02     2.11677
      11.03     2.02286
      11.04     1.90764
      11.05     1.77276
      11.06     1.61998
      11.07     1.45112
      11.08     1.26791
      11.09     1.07201
       11.1     0.86533
      11.11     0.64992
      11.12     0.42791
      11.13     0.20141
      11.14    -0.02745
      11.15    -0.25637
      11.16    -0.48266
      11.17    -0.70314
      11.18     -0.9141
      11.19    -1.11146
       11.2    -1.29103
      11.21    -1.44883
      11.22     -1.5814
      11.23    -1.68594
      11.24    -1.76033
      11.25    -1.80315
      11.26    -1.81359
      11.27    -1.79131
      11.28     -1.7365
      11.29    -1.65004
       11.3    -1.53366
      11.31    -1.38994
      11.32    -1.22205
      11.33    -1.03366
      11.34    -0.82894
      11.35    -0.61234
      11.36    -0.38835
      11.37    -0.16132
      11.38     0.06465
      11.39     0.28586
       11.4     0.49876
      11.41     0.69982
      11.42     0.88561
      11.43     1.05287
      11.44     1.19848
      11.45     1.31977
      11.46      1.4145
      11.47     1.48087
      11.48     1.51771
      11.49     1.52452
       11.5     1.50141
      11.51      1.4489
      11.52      1.3679
      11.53     1.25965
      11.54     1.12557
      11.55     0.96725
      11.56     0.78653
      11.57     0.58592
      11.58     0.36909
      11.59     0.14072
       11.6    -0.09414
      11.61    -0.33027
      11.62    -0.56245
      11.63    -0.78561
      11.64    -0.99486
      11.65    -1.18558
      11.66    -1.35339
      11.67    -1.49425
      11.68    -1.60446
      11.69    -1.68085
       11.7    -1.72102
      11.71    -1.72363
      11.72    -1.68878
      11.73    -1.61814
      11.74    -1.51472
      11.75    -1.38259
      11.76    -1.22679
      11.77    -1.05299
      11.78      -0.867
      11.79    -0.67452
       11.8    -0.48112
      11.81    -0.29202
      11.82    -0.11187
      11.83     0.05543
      11.84     0.20668
      11.85     0.33934
      11.86     0.45175
      11.87     0.54322
      11.88     0.61401
      11.89     0.66516
       11.9      0.6983
      11.91     0.71556
      11.92     0.71936
      11.93     0.71235
      11.94     0.69719
      11.95     0.67625
      11.96     0.65149
      11.97     0.62438
      11.98     0.59594
      11.99     0.56659
        12.     0.53623
      12.01     0.50419
      12.02     0.46928
      12.03     0.42986
      12.04     0.38388
      12.05     0.32916
      12.06     0.26369
      12.07     0.18601
      12.08     0.09538
      12.09    -0.00796
       12.1    -0.12279
      12.11    -0.24703
      12.12    -0.37793
      12.13    -0.51212
      12.14     -0.6458
      12.15      -0.775
      12.16    -0.89581
      12.17    -1.00444
      12.18    -1.09731
      12.19    -1.17119
       12.2    -1.22321
      12.21    -1.25094
      12.22     -1.2526
      12.23    -1.22715
      12.24    -1.17455
      12.25    -1.09587
      12.26    -0.99329
      12.27    -0.86995
      12.28    -0.72966
      12.29     -0.5767
       12.3    -0.41564
      12.31    -0.25114
      12.32    -0.08775
      12.33     0.07036
      12.34      0.2195
      12.35     0.35675
      12.36     0.47995
      12.37      0.5878
      12.38     0.67966
      12.39     0.75538
       12.4     0.81534
      12.41     0.86035
      12.42     0.89157
      12.43     0.91041
      12.44     0.91843
      12.45      0.9171
      12.46     0.90782
      12.47     0.89179
      12.48     0.86997
      12.49     0.84311
       12.5     0.81174
      12.51     0.77621
      12.52     0.73657
      12.53     0.69259
      12.54     0.64373
      12.55      0.5894
      12.56     0.52909
      12.57     0.46254
      12.58     0.38977
      12.59     0.31119
       12.6     0.22759
      12.61     0.14018
      12.62     0.05058
      12.63    -0.03922
      12.64    -0.12691
      12.65     -0.2101
      12.66    -0.28628
      12.67    -0.35285
      12.68    -0.40728
      12.69    -0.44727
       12.7    -0.47108
      12.71    -0.47752
      12.72    -0.46601
      12.73    -0.43658
      12.74    -0.38997
      12.75    -0.32763
      12.76    -0.25189
      12.77    -0.16577
      12.78    -0.07255
      12.79     0.02445
       12.8     0.12184
      12.81     0.21605
      12.82     0.30346
      12.83     0.38052
      12.84     0.44407
      12.85     0.49127
      12.86     0.51982
      12.87     0.52825
      12.88     0.51594
      12.89     0.48309
       12.9     0.43075
      12.91     0.36078
      12.92     0.27568
      12.93     0.17832
      12.94     0.07181
      12.95    -0.04066
      12.96    -0.15581
      12.97    -0.27032
      12.98    -0.38095
      12.99    -0.48465
        13.    -0.57869
      13.01    -0.66074
      13.02    -0.72898
      13.03    -0.78224
      13.04    -0.81997
      13.05    -0.84218
      13.06    -0.84915
      13.07     -0.8414
      13.08    -0.81963
      13.09    -0.78485
       13.1    -0.73837
      13.11    -0.68186
      13.12    -0.61718
      13.13    -0.54631
      13.14    -0.47114
      13.15    -0.39331
      13.16      -0.314
      13.17    -0.23393
      13.18    -0.15328
      13.19      -0.072
       13.2     0.00992
      13.21     0.09228
      13.22     0.17474
      13.23     0.25668
      13.24     0.33721
      13.25     0.41507
      13.26     0.48857
      13.27     0.55597
      13.28     0.61556
      13.29     0.66584
       13.3     0.70554
      13.31      0.7336
      13.32     0.74918
      13.33     0.75178
      13.34     0.74124
      13.35     0.71774
      13.36     0.68192
      13.37     0.63471
      13.38      0.5773
      13.39     0.51101
       13.4     0.43711
      13.41     0.35705
      13.42      0.2725
      13.43     0.18529
      13.44     0.09748
      13.45      0.0113
      13.46      -0.071
      13.47    -0.14735
      13.48    -0.21625
      13.49    -0.27698
       13.5     -0.3295
      13.51    -0.37412
      13.52    -0.41151
      13.53    -0.44258
      13.54    -0.46847
      13.55    -0.49035
      13.56    -0.50934
      13.57    -0.52639
      13.58    -0.54225
      13.59    -0.55745
       13.6    -0.57236
      13.61    -0.58687
      13.62    -0.60037
      13.63    -0.61178
      13.64    -0.61969
      13.65    -0.62268
      13.66    -0.61937
      13.67    -0.60831
      13.68    -0.58799
      13.69    -0.55687
       13.7    -0.51362
      13.71    -0.45724
      13.72     -0.3872
      13.73    -0.30353
      13.74    -0.20682
      13.75    -0.09832
      13.76     0.02011
      13.77     0.14604
      13.78     0.27661
      13.79     0.40861
       13.8      0.5388
      13.81     0.66416
      13.82      0.7819
      13.83     0.88953
      13.84     0.98474
      13.85     1.06541
      13.86     1.12974
      13.87     1.17636
      13.88     1.20438
      13.89     1.21354
       13.9     1.20419
      13.91     1.17716
      13.92      1.1338
      13.93     1.07581
      13.94      1.0052
      13.95     0.92412
      13.96     0.83475
      13.97     0.73921
      13.98     0.63941
      13.99     0.53698
        14.     0.43336
      14.01     0.32967
      14.02     0.22683
      14.03     0.12549
      14.04     0.02606
      14.05    -0.07118
      14.06     -0.1661
      14.07    -0.25859
      14.08    -0.34853
      14.09     -0.4356
       14.1    -0.51929
      14.11    -0.59891
      14.12    -0.67367
      14.13    -0.74269
      14.14    -0.80502
      14.15    -0.85967
      14.16    -0.90565
      14.17    -0.94204
      14.18    -0.96806
      14.19    -0.98305
       14.2    -0.98652
      14.21    -0.97816
      14.22    -0.95776
      14.23    -0.92521
      14.24    -0.88049
      14.25     -0.8236
      14.26    -0.75484
      14.27    -0.67495
      14.28    -0.58512
      14.29    -0.48681
       14.3    -0.38165
      14.31    -0.27137
      14.32    -0.15753
      14.33    -0.04164
      14.34     0.07474
      14.35     0.18998
      14.36     0.30246
      14.37     0.41061
      14.38       0.513
      14.39     0.60835
       14.4     0.69551
      14.41     0.77342
      14.42     0.84113
      14.43     0.89778
      14.44     0.94264
      14.45     0.97514
      14.46     0.99489
      14.47     1.00173
      14.48     0.99571
      14.49     0.97706
       14.5     0.94621
      14.51     0.90373
      14.52     0.85037
      14.53     0.78709
      14.54     0.71505
      14.55     0.63571
      14.56     0.55075
      14.57     0.46194
      14.58     0.37093
      14.59     0.27921
       14.6     0.18785
      14.61     0.09756
      14.62     0.00896
      14.63    -0.07702
      14.64    -0.15922
      14.65    -0.23649
      14.66    -0.30781
      14.67    -0.37251
      14.68    -0.43026
      14.69    -0.48103
       14.7    -0.52509
      14.71    -0.56288
      14.72    -0.59489
      14.73    -0.62152
      14.74    -0.64307
      14.75    -0.65979
      14.76    -0.67187
      14.77    -0.67937
      14.78    -0.68205
      14.79    -0.67937
       14.8    -0.67072
      14.81    -0.65564
      14.82    -0.63384
      14.83    -0.60529
      14.84    -0.57009
      14.85    -0.52848
      14.86     -0.4807
      14.87    -0.42705
      14.88    -0.36795
      14.89    -0.30393
       14.9    -0.23561
      14.91    -0.16367
      14.92    -0.08888
      14.93    -0.01212
      14.94     0.06563
      14.95      0.1433
      14.96     0.21961
      14.97      0.2931
      14.98     0.36221
      14.99     0.42528
        15.     0.48072
      15.01      0.5272
      15.02     0.56384
      15.03     0.59002
      15.04     0.60544
      15.05     0.61001
      15.06     0.60382
      15.07      0.5871
      15.08     0.56036
      15.09     0.52425
       15.1     0.47947
      15.11     0.42671
      15.12      0.3667
      15.13     0.30025
      15.14     0.22818
      15.15     0.15139
      15.16     0.07094
      15.17    -0.01193
      15.18    -0.09589
      15.19    -0.17969
       15.2    -0.26222
      15.21    -0.34239
      15.22    -0.41919
      15.23    -0.49166
      15.24    -0.55889
      15.25    -0.61991
      15.26    -0.67372
      15.27    -0.71919
      15.28    -0.75522
      15.29     -0.7807
       15.3    -0.79465
      15.31    -0.79646
      15.32    -0.78586
      15.33    -0.76283
      15.34    -0.72761
      15.35    -0.68078
      15.36    -0.62322
      15.37    -0.55604
      15.38    -0.48047
      15.39    -0.39773
       15.4    -0.30903
      15.41    -0.21567
      15.42      -0.119
      15.43    -0.02056
      15.44     0.07783
      15.45     0.17406
      15.46     0.26577
      15.47      0.3506
      15.48     0.42643
      15.49     0.49164
       15.5      0.5451
      15.51     0.58609
      15.52     0.61427
      15.53     0.62962
      15.54     0.63227
      15.55     0.62247
      15.56     0.60064
      15.57     0.56738
      15.58     0.52357
      15.59     0.47024
       15.6     0.40863
      15.61     0.34023
      15.62     0.26675
      15.63     0.19009
      15.64     0.11228
      15.65     0.03527
      15.66    -0.03927
      15.67    -0.10995
      15.68    -0.17566
      15.69    -0.23547
       15.7    -0.28867
      15.71    -0.33472
      15.72    -0.37314
      15.73    -0.40358
      15.74    -0.42587
      15.75    -0.44008
      15.76    -0.44655
      15.77    -0.44581
      15.78    -0.43846
      15.79    -0.42516
       15.8    -0.40655
      15.81    -0.38324
      15.82    -0.35584
      15.83    -0.32495
      15.84    -0.29106
      15.85    -0.25465
      15.86    -0.21623
      15.87    -0.17631
      15.88    -0.13541
      15.89    -0.09393
       15.9    -0.05211
      15.91    -0.00997
      15.92     0.03248
      15.93     0.07505
      15.94     0.11736
      15.95     0.15894
      15.96     0.19931
      15.97      0.2381
      15.98     0.27501
      15.99     0.30994
        16.     0.34293
      16.01     0.37404
      16.02     0.40317
      16.03     0.43011
      16.04     0.45447
      16.05     0.47579
      16.06     0.49354
      16.07     0.50714
      16.08     0.51607
      16.09     0.51974
       16.1     0.51764
      16.11     0.50939
      16.12     0.49499
      16.13     0.47482
      16.14     0.44955
      16.15     0.41998
      16.16     0.38679
      16.17     0.35069
      16.18     0.31235
      16.19     0.27237
       16.2     0.23126
      16.21     0.18948
      16.22     0.14745
      16.23     0.10552
      16.24     0.06408
      16.25     0.02354
      16.26    -0.01559
      16.27    -0.05264
      16.28    -0.08685
      16.29    -0.11749
       16.3    -0.14399
      16.31    -0.16596
      16.32    -0.18324
      16.33    -0.19596
      16.34    -0.20454
      16.35     -0.2096
      16.36    -0.21202
      16.37    -0.21263
      16.38    -0.21223
      16.39    -0.21153
       16.4    -0.21109
      16.41    -0.21129
      16.42    -0.21235
      16.43    -0.21431
      16.44    -0.21704
      16.45    -0.22037
      16.46    -0.22411
      16.47    -0.22809
      16.48    -0.23218
      16.49    -0.23618
       16.5    -0.23994
      16.51    -0.24329
      16.52      -0.246
      16.53    -0.24767
      16.54     -0.2478
      16.55    -0.24579
      16.56    -0.24102
      16.57    -0.23303
      16.58    -0.22148
      16.59    -0.20618
       16.6    -0.18704
      16.61    -0.16409
      16.62    -0.13751
      16.63    -0.10756
      16.64    -0.07466
      16.65    -0.03936
      16.66     -0.0023
      16.67     0.03572
      16.68     0.07389
      16.69     0.11138
       16.7     0.14752
      16.71     0.18178
      16.72     0.21375
      16.73     0.24308
      16.74     0.26946
      16.75     0.29251
      16.76     0.31182
      16.77      0.3269
      16.78     0.33742
      16.79     0.34321
       16.8     0.34427
      16.81     0.34068
      16.82     0.33253
      16.83     0.31986
      16.84     0.30275
      16.85     0.28132
      16.86      0.2558
      16.87     0.22661
      16.88     0.19435
      16.89     0.15975
       16.9     0.12348
      16.91      0.0861
      16.92     0.04808
      16.93     0.00988
      16.94     -0.0281
      16.95    -0.06538
      16.96    -0.10152
      16.97    -0.13609
      16.98    -0.16849
      16.99    -0.19802
        17.    -0.22396
      17.01    -0.24568
      17.02    -0.26279
      17.03    -0.27515
      17.04    -0.28289
      17.05    -0.28627
      17.06    -0.28557
      17.07    -0.28095
      17.08     -0.2725
      17.09    -0.26016
       17.1    -0.24376
      17.11    -0.22321
      17.12    -0.19863
      17.13    -0.17043
      17.14    -0.13916
      17.15    -0.10555
      17.16    -0.07034
      17.17    -0.03418
      17.18     0.00242
      17.19     0.03905
       17.2      0.0753
      17.21     0.11072
      17.22      0.1448
      17.23     0.17689
      17.24     0.20619
      17.25     0.23179
      17.26     0.25272
      17.27     0.26819
      17.28     0.27756
      17.29     0.28049
       17.3     0.27682
      17.31     0.26655
      17.32     0.24977
      17.33     0.22658
      17.34     0.19705
      17.35     0.16129
      17.36     0.11957
      17.37     0.07233
      17.38     0.02024
      17.39    -0.03587
       17.4    -0.09498
      17.41    -0.15595
      17.42    -0.21751
      17.43    -0.27836
      17.44    -0.33724
      17.45    -0.39287
      17.46    -0.44399
      17.47    -0.48935
      17.48    -0.52781
      17.49    -0.55846
       17.5    -0.58073
      17.51    -0.59435
      17.52    -0.59919
      17.53    -0.59526
      17.54    -0.58268
      17.55    -0.56164
      17.56    -0.53243
      17.57    -0.49556
      17.58    -0.45175
      17.59     -0.4019
       17.6    -0.34703
      17.61    -0.28835
      17.62     -0.2271
      17.63    -0.16452
      17.64    -0.10177
      17.65    -0.03987
      17.66     0.02028
      17.67     0.07806
      17.68     0.13302
      17.69     0.18474
       17.7     0.23285
      17.71     0.27692
      17.72     0.31668
      17.73     0.35197
      17.74     0.38281
      17.75     0.40931
      17.76     0.43153
      17.77     0.44945
      17.78       0.463
      17.79     0.47192
       17.8     0.47578
      17.81     0.47404
      17.82     0.46624
      17.83     0.45201
      17.84     0.43115
      17.85     0.40359
      17.86     0.36935
      17.87     0.32859
      17.88     0.28166
      17.89     0.22905
       17.9     0.17145
      17.91      0.1098
      17.92     0.04513
      17.93     -0.0215
      17.94    -0.08884
      17.95     -0.1556
      17.96    -0.22044
      17.97    -0.28199
      17.98    -0.33892
      17.99    -0.38992
        18.    -0.43376
      18.01    -0.46927
      18.02    -0.49545
      18.03    -0.51152
      18.04    -0.51695
      18.05    -0.51154
      18.06    -0.49547
      18.07    -0.46923
      18.08    -0.43362
      18.09    -0.38962
       18.1    -0.33838
      18.11     -0.2811
      18.12    -0.21899
      18.13    -0.15332
      18.14    -0.08532
      18.15    -0.01617
      18.16     0.05305
      18.17     0.12138
      18.18     0.18802
      18.19     0.25228
       18.2     0.31357
      18.21     0.37144
      18.22      0.4256
      18.23     0.47589
      18.24      0.5221
      18.25     0.56407
      18.26     0.60152
      18.27     0.63382
      18.28      0.6602
      18.29     0.67991
       18.3     0.69234
      18.31     0.69707
      18.32     0.69389
      18.33      0.6827
      18.34     0.66343
      18.35     0.63601
      18.36     0.60037
      18.37     0.55652
      18.38     0.50471
      18.39     0.44544
       18.4     0.37955
      18.41     0.30807
      18.42     0.23221
      18.43     0.15338
      18.44     0.07311
      18.45    -0.00696
      18.46    -0.08515
      18.47    -0.15978
      18.48    -0.22923
      18.49    -0.29198
       18.5    -0.34668
      18.51    -0.39216
      18.52    -0.42756
      18.53    -0.45231
      18.54    -0.46621
      18.55    -0.46942
      18.56    -0.46239
      18.57    -0.44583
      18.58     -0.4206
      18.59    -0.38773
       18.6     -0.3483
      18.61    -0.30349
      18.62    -0.25451
      18.63    -0.20256
      18.64    -0.14888
      18.65    -0.09471
      18.66    -0.04125
      18.67     0.01043
      18.68      0.0594
      18.69     0.10503
       18.7     0.14686
      18.71     0.18463
      18.72     0.21829
      18.73     0.24797
      18.74      0.2739
      18.75      0.2963
      18.76     0.31533
      18.77     0.33111
      18.78     0.34371
      18.79     0.35312
       18.8     0.35925
      18.81     0.36195
      18.82     0.36095
      18.83     0.35595
      18.84     0.34661
      18.85     0.33271
      18.86     0.31419
      18.87     0.29111
      18.88     0.26373
      18.89     0.23239
       18.9     0.19747
      18.91     0.15939
      18.92     0.11861
      18.93     0.07573
      18.94     0.03141
      18.95    -0.01353
      18.96    -0.05819
      18.97     -0.1016
      18.98    -0.14273
      18.99    -0.18058
        19.    -0.21415
      19.01    -0.24261
      19.02    -0.26527
      19.03    -0.28169
      19.04    -0.29168
      19.05    -0.29539
      19.06     -0.2932
      19.07    -0.28562
      19.08    -0.27329
      19.09    -0.25685
       19.1    -0.23703
      19.11    -0.21457
      19.12    -0.19026
      19.13    -0.16492
      19.14    -0.13937
      19.15    -0.11443
      19.16    -0.09082
      19.17    -0.06918
      19.18    -0.04997
      19.19    -0.03352
       19.2    -0.02007
      19.21    -0.00975
      19.22    -0.00261
      19.23     0.00141
      19.24     0.00242
      19.25   5.949E-04
      19.26    -0.00382
      19.27    -0.01055
      19.28    -0.01929
      19.29    -0.02975
       19.3     -0.0417
      19.31    -0.05482
      19.32    -0.06879
      19.33    -0.08321
      19.34    -0.09765
      19.35    -0.11175
      19.36    -0.12524
      19.37    -0.13798
      19.38     -0.1499
      19.39    -0.16099
       19.4    -0.17122
      19.41    -0.18046
      19.42    -0.18859
      19.43    -0.19545
      19.44    -0.20081
      19.45    -0.20451
      19.46    -0.20643
      19.47    -0.20655
      19.48    -0.20497
      19.49    -0.20191
       19.5    -0.19769
      19.51     -0.1927
      19.52    -0.18733
      19.53     -0.1819
      19.54    -0.17658
      19.55     -0.1714
      19.56    -0.16632
      19.57    -0.16124
      19.58    -0.15603
      19.59    -0.15056
       19.6    -0.14463
      19.61      -0.138
      19.62     -0.1304
      19.63    -0.12158
      19.64    -0.11132
      19.65    -0.09949
      19.66    -0.08597
      19.67    -0.07062
      19.68    -0.05325
      19.69     -0.0337
       19.7    -0.01191
      19.71     0.01199
      19.72      0.0377
      19.73     0.06476
      19.74     0.09262
      19.75     0.12067
      19.76     0.14829
      19.77     0.17484
      19.78     0.19964
      19.79     0.22201
       19.8     0.24127
      19.81     0.25678
      19.82     0.26808
      19.83     0.27481
      19.84     0.27679
      19.85     0.27391
      19.86     0.26618
      19.87     0.25372
      19.88      0.2367
      19.89     0.21534
       19.9     0.18999
      19.91     0.16108
      19.92     0.12906
      19.93     0.09445
      19.94     0.05781
      19.95     0.01981
      19.96    -0.01887
      19.97    -0.05757
      19.98    -0.09561
      19.99    -0.13229
        20.    -0.16695
